id, timestamp, converged, ram_VmSize, ram_VmRSS, gpu_total, gpu_fest, gpu_pose_est, tf_row1, tf_row2, tf_row3, tf_row4, timestamp_post_capture, timestamp_post_fest, timestamp_post_pose_est, successful_count
1, 2024-09-09 09:00:45.343 UTC, 0, 36201099264, 276770816, 12582912, 2097152, 0, 0 0 0 0, 0 0 0 0, 0 0 0 0, 0 0 0 0, 2024-09-09 09:00:45.376 UTC, 2024-09-09 09:00:45.497 UTC, 2024-09-09 09:00:45.726 UTC, 0
2, 2024-09-09 09:00:45.726 UTC, 0, 36201918464, 277590016, 12582912, 2097152, 0, 0 0 0 0, 0 0 0 0, 0 0 0 0, 0 0 0 0, 2024-09-09 09:00:45.762 UTC, 2024-09-09 09:00:45.841 UTC, 2024-09-09 09:00:45.999 UTC, 0
3, 2024-09-09 09:00:45.999 UTC, 0, 36201918464, 277590016, 12582912, 2097152, 0, 0 0 0 0, 0 0 0 0, 0 0 0 0, 0 0 0 0, 2024-09-09 09:00:46.016 UTC, 2024-09-09 09:00:46.055 UTC, 2024-09-09 09:00:46.198 UTC, 0
4, 2024-09-09 09:00:46.198 UTC, 0, 36201918464, 277692416, 12582912, 2097152, 0, 0 0 0 0, 0 0 0 0, 0 0 0 0, 0 0 0 0, 2024-09-09 09:00:46.216 UTC, 2024-09-09 09:00:46.288 UTC, 2024-09-09 09:00:46.462 UTC, 0
5, 2024-09-09 09:00:46.462 UTC, 0, 36269027328, 277692416, 12582912, 2097152, 0, 0 0 0 0, 0 0 0 0, 0 0 0 0, 0 0 0 0, 2024-09-09 09:00:46.505 UTC, 2024-09-09 09:00:46.581 UTC, 2024-09-09 09:00:46.743 UTC, 0
6, 2024-09-09 09:00:46.743 UTC, 0, 36269027328, 277692416, 12582912, 2097152, 0, 0 0 0 0, 0 0 0 0, 0 0 0 0, 0 0 0 0, 2024-09-09 09:00:46.756 UTC, 2024-09-09 09:00:46.794 UTC, 2024-09-09 09:00:46.949 UTC, 0
7, 2024-09-09 09:00:46.949 UTC, 0, 36269670400, 278233088, 12582912, 2097152, 0, 0 0 0 0, 0 0 0 0, 0 0 0 0, 0 0 0 0, 2024-09-09 09:00:46.966 UTC, 2024-09-09 09:00:47.019 UTC, 2024-09-09 09:00:47.165 UTC, 0
8, 2024-09-09 09:00:47.165 UTC, 0, 36269670400, 278233088, 12582912, 2097152, 0, 0 0 0 0, 0 0 0 0, 0 0 0 0, 0 0 0 0, 2024-09-09 09:00:47.208 UTC, 2024-09-09 09:00:47.307 UTC, 2024-09-09 09:00:47.491 UTC, 0
9, 2024-09-09 09:00:47.491 UTC, 0, 36269670400, 278233088, 12582912, 2097152, 0, 0 0 0 0, 0 0 0 0, 0 0 0 0, 0 0 0 0, 2024-09-09 09:00:47.527 UTC, 2024-09-09 09:00:47.607 UTC, 2024-09-09 09:00:47.785 UTC, 0
10, 2024-09-09 09:00:47.785 UTC, 0, 36269670400, 278233088, 12582912, 2097152, 0, 0 0 0 0, 0 0 0 0, 0 0 0 0, 0 0 0 0, 2024-09-09 09:00:47.809 UTC, 2024-09-09 09:00:47.867 UTC, 2024-09-09 09:00:48.046 UTC, 0
11, 2024-09-09 09:00:48.046 UTC, 1, 36269670400, 278233088, 12582912, 2097152, 0, 0.303642 -0.0343516 -0.952166 0.811962, 0.945696 -0.110824 0.305577 1.56673, -0.11602 -0.993246 -0.00116458 -0.0621076, 0 0 0 1, 2024-09-09 09:00:48.072 UTC, 2024-09-09 09:00:48.142 UTC, 2024-09-09 09:00:48.361 UTC, 1
12, 2024-09-09 09:00:48.361 UTC, 1, 36269670400, 278425600, 12582912, 2097152, 0, 0.493267 0.10156 -0.863929 0.460324, 0.86985 -0.0654964 0.488948 1.17807, -0.00692626 -0.992671 -0.120649 0.262036, 0 0 0 1, 2024-09-09 09:00:48.412 UTC, 2024-09-09 09:00:48.463 UTC, 2024-09-09 09:00:48.712 UTC, 2
13, 2024-09-09 09:00:48.712 UTC, 1, 36269670400, 278425600, 12582912, 2097152, 0, 0.406681 0.072299 -0.910705 0.650856, 0.912586 0.0141113 0.408641 1.35887, 0.0423956 -0.997283 -0.0602401 0.0856318, 0 0 0 1, 2024-09-09 09:00:48.734 UTC, 2024-09-09 09:00:48.801 UTC, 2024-09-09 09:00:48.983 UTC, 3
14, 2024-09-09 09:00:48.983 UTC, 0, 36269670400, 278425600, 12582912, 2097152, 0, 0 0 0 0, 0 0 0 0, 0 0 0 0, 0 0 0 0, 2024-09-09 09:00:49.008 UTC, 2024-09-09 09:00:49.045 UTC, 2024-09-09 09:00:49.226 UTC, 3
15, 2024-09-09 09:00:49.226 UTC, 1, 36269670400, 278425600, 12582912, 2097152, 0, 0.445958 0.135117 -0.884796 0.488416, 0.888575 0.0518939 0.455787 1.10756, 0.107501 -0.98947 -0.0969203 0.163567, 0 0 0 1, 2024-09-09 09:00:49.283 UTC, 2024-09-09 09:00:49.340 UTC, 2024-09-09 09:00:49.543 UTC, 4
16, 2024-09-09 09:00:49.543 UTC, 0, 36269670400, 278425600, 12582912, 2097152, 0, 0 0 0 0, 0 0 0 0, 0 0 0 0, 0 0 0 0, 2024-09-09 09:00:49.566 UTC, 2024-09-09 09:00:49.631 UTC, 2024-09-09 09:00:49.795 UTC, 4
17, 2024-09-09 09:00:49.795 UTC, 1, 36269670400, 278425600, 12582912, 2097152, 0, 0.491451 0.271609 -0.827468 0.200345, 0.841246 0.097796 0.531734 0.98496, 0.225346 -0.957426 -0.180426 0.315628, 0 0 0 1, 2024-09-09 09:00:49.819 UTC, 2024-09-09 09:00:49.912 UTC, 2024-09-09 09:00:50.146 UTC, 5
18, 2024-09-09 09:00:50.146 UTC, 0, 36269670400, 278425600, 12582912, 2097152, 0, 0 0 0 0, 0 0 0 0, 0 0 0 0, 0 0 0 0, 2024-09-09 09:00:50.172 UTC, 2024-09-09 09:00:50.231 UTC, 2024-09-09 09:00:50.445 UTC, 5
19, 2024-09-09 09:00:50.445 UTC, 0, 36269670400, 278425600, 12582912, 2097152, 0, 0 0 0 0, 0 0 0 0, 0 0 0 0, 0 0 0 0, 2024-09-09 09:00:50.473 UTC, 2024-09-09 09:00:50.532 UTC, 2024-09-09 09:00:50.692 UTC, 5
20, 2024-09-09 09:00:50.692 UTC, 1, 36269670400, 278425600, 12582912, 2097152, 0, 0.50599 0.0597664 -0.860466 0.338561, 0.860305 -0.106728 0.498482 1.09001, -0.0620441 -0.99249 -0.105421 0.213823, 0 0 0 1, 2024-09-09 09:00:50.711 UTC, 2024-09-09 09:00:50.770 UTC, 2024-09-09 09:00:50.943 UTC, 6
21, 2024-09-09 09:00:50.944 UTC, 1, 36269670400, 278425600, 12582912, 2097152, 0, 0.5003 0.155175 -0.851834 0.237532, 0.865798 -0.100659 0.490166 1.25111, -0.00968359 -0.982745 -0.184709 0.392683, 0 0 0 1, 2024-09-09 09:00:50.979 UTC, 2024-09-09 09:00:51.056 UTC, 2024-09-09 09:00:51.232 UTC, 7
22, 2024-09-09 09:00:51.232 UTC, 0, 36269670400, 278425600, 12582912, 2097152, 0, 0 0 0 0, 0 0 0 0, 0 0 0 0, 0 0 0 0, 2024-09-09 09:00:51.277 UTC, 2024-09-09 09:00:51.337 UTC, 2024-09-09 09:00:51.511 UTC, 7
23, 2024-09-09 09:00:51.511 UTC, 1, 36269670400, 278425600, 12582912, 2097152, 0, 0.446231 0.073187 -0.89192 0.474528, 0.891421 -0.124362 0.435777 1.25077, -0.0790277 -0.989534 -0.120735 0.231134, 0 0 0 1, 2024-09-09 09:00:51.559 UTC, 2024-09-09 09:00:51.644 UTC, 2024-09-09 09:00:51.837 UTC, 8
24, 2024-09-09 09:00:51.837 UTC, 0, 36269670400, 281567232, 12582912, 2097152, 0, 0 0 0 0, 0 0 0 0, 0 0 0 0, 0 0 0 0, 2024-09-09 09:00:51.884 UTC, 2024-09-09 09:00:51.968 UTC, 2024-09-09 09:00:52.219 UTC, 8
25, 2024-09-09 09:00:52.219 UTC, 0, 36269670400, 281567232, 12582912, 2097152, 0, 0 0 0 0, 0 0 0 0, 0 0 0 0, 0 0 0 0, 2024-09-09 09:00:52.240 UTC, 2024-09-09 09:00:52.293 UTC, 2024-09-09 09:00:52.493 UTC, 8
26, 2024-09-09 09:00:52.493 UTC, 0, 36269670400, 281567232, 12582912, 2097152, 0, 0 0 0 0, 0 0 0 0, 0 0 0 0, 0 0 0 0, 2024-09-09 09:00:52.518 UTC, 2024-09-09 09:00:52.580 UTC, 2024-09-09 09:00:52.738 UTC, 8
27, 2024-09-09 09:00:52.738 UTC, 1, 36269670400, 281567232, 12582912, 2097152, 0, 0.566938 0.119524 -0.815043 0.354248, 0.822782 -0.0339425 0.567343 1.04593, 0.0401465 -0.992251 -0.117585 0.280138, 0 0 0 1, 2024-09-09 09:00:52.761 UTC, 2024-09-09 09:00:52.836 UTC, 2024-09-09 09:00:53.043 UTC, 9
28, 2024-09-09 09:00:53.043 UTC, 1, 36270014464, 281911296, 12582912, 2097152, 0, 0.644256 0.0641303 -0.762116 0.517076, 0.764803 -0.0582508 0.641626 1.1268, -0.00324612 -0.99624 -0.0865759 0.118391, 0 0 0 1, 2024-09-09 09:00:53.064 UTC, 2024-09-09 09:00:53.112 UTC, 2024-09-09 09:00:53.309 UTC, 10
29, 2024-09-09 09:00:53.309 UTC, 1, 36270014464, 281911296, 12582912, 2097152, 0, 0.741156 0.0866495 -0.665718 0.404887, 0.671265 -0.109734 0.733049 1.01018, -0.00953335 -0.990177 -0.139495 0.34173, 0 0 0 1, 2024-09-09 09:00:53.336 UTC, 2024-09-09 09:00:53.415 UTC, 2024-09-09 09:00:53.608 UTC, 11
30, 2024-09-09 09:00:53.608 UTC, 1, 36270014464, 281915392, 12582912, 2097152, 0, 0.792494 0.126151 -0.59669 0.457771, 0.609005 -0.111307 0.785317 1.02759, 0.0326527 -0.985746 -0.165037 0.412259, 0 0 0 1, 2024-09-09 09:00:53.640 UTC, 2024-09-09 09:00:53.720 UTC, 2024-09-09 09:00:53.915 UTC, 12
31, 2024-09-09 09:00:53.915 UTC, 1, 36270014464, 281915392, 12582912, 2097152, 0, 0.76579 0.095959 -0.635891 0.593787, 0.642914 -0.0910099 0.760513 1.11283, 0.0151059 -0.991216 -0.131388 0.256619, 0 0 0 1, 2024-09-09 09:00:53.943 UTC, 2024-09-09 09:00:54.031 UTC, 2024-09-09 09:00:54.232 UTC, 13
32, 2024-09-09 09:00:54.233 UTC, 1, 36270014464, 282001408, 12582912, 2097152, 0, 0.756693 0.109224 -0.644581 0.574257, 0.6537 -0.111963 0.748425 1.15588, 0.00957667 -0.987691 -0.156122 0.373438, 0 0 0 1, 2024-09-09 09:00:54.263 UTC, 2024-09-09 09:00:54.333 UTC, 2024-09-09 09:00:54.539 UTC, 14
33, 2024-09-09 09:00:54.539 UTC, 1, 36270014464, 282001408, 12582912, 2097152, 0, 0.738989 0.121389 -0.662692 0.593695, 0.673516 -0.109043 0.731085 1.23505, 0.016484 -0.986597 -0.162339 0.331841, 0 0 0 1, 2024-09-09 09:00:54.560 UTC, 2024-09-09 09:00:54.611 UTC, 2024-09-09 09:00:54.804 UTC, 15
34, 2024-09-09 09:00:54.805 UTC, 1, 36270014464, 282001408, 12582912, 2097152, 0, 0.75831 0.140083 -0.636666 0.415058, 0.651667 -0.137106 0.746011 1.28614, 0.0172124 -0.980601 -0.195256 0.462528, 0 0 0 1, 2024-09-09 09:00:54.824 UTC, 2024-09-09 09:00:54.886 UTC, 2024-09-09 09:00:55.100 UTC, 16
35, 2024-09-09 09:00:55.100 UTC, 1, 36270014464, 282001408, 12582912, 2097152, 0, 0.671724 0.0561267 -0.738672 0.614415, 0.740798 -0.0539086 0.669561 1.59522, -0.00224051 -0.996967 -0.0777901 0.290113, 0 0 0 1, 2024-09-09 09:00:55.134 UTC, 2024-09-09 09:00:55.186 UTC, 2024-09-09 09:00:55.375 UTC, 17
36, 2024-09-09 09:00:55.375 UTC, 1, 36270014464, 282001408, 12582912, 2097152, 0, 0.598774 0.0875776 -0.796115 0.535242, 0.800864 -0.0539872 0.596407 1.65552, 0.009252 -0.994694 -0.102464 0.354842, 0 0 0 1, 2024-09-09 09:00:55.410 UTC, 2024-09-09 09:00:55.461 UTC, 2024-09-09 09:00:55.624 UTC, 18
37, 2024-09-09 09:00:55.624 UTC, 1, 36270014464, 282001408, 12582912, 2097152, 0, 0.311421 -0.0999567 -0.945 0.830614, 0.950271 0.0316359 0.309812 2.19841, -0.00107192 -0.994489 0.104838 -0.197146, 0 0 0 1, 2024-09-09 09:00:55.673 UTC, 2024-09-09 09:00:55.730 UTC, 2024-09-09 09:00:55.893 UTC, 19
38, 2024-09-09 09:00:55.893 UTC, 0, 36270014464, 282001408, 12582912, 2097152, 0, 0 0 0 0, 0 0 0 0, 0 0 0 0, 0 0 0 0, 2024-09-09 09:00:55.924 UTC, 2024-09-09 09:00:55.989 UTC, 2024-09-09 09:00:56.127 UTC, 19
39, 2024-09-09 09:00:56.128 UTC, 0, 36270014464, 282001408, 12582912, 2097152, 0, 0 0 0 0, 0 0 0 0, 0 0 0 0, 0 0 0 0, 2024-09-09 09:00:56.141 UTC, 2024-09-09 09:00:56.171 UTC, 2024-09-09 09:00:56.299 UTC, 19
40, 2024-09-09 09:00:56.299 UTC, 0, 36270014464, 282001408, 12582912, 2097152, 0, 0 0 0 0, 0 0 0 0, 0 0 0 0, 0 0 0 0, 2024-09-09 09:00:56.321 UTC, 2024-09-09 09:00:56.385 UTC, 2024-09-09 09:00:56.535 UTC, 19
41, 2024-09-09 09:00:56.535 UTC, 0, 36270014464, 282001408, 12582912, 2097152, 0, 0 0 0 0, 0 0 0 0, 0 0 0 0, 0 0 0 0, 2024-09-09 09:00:56.563 UTC, 2024-09-09 09:00:56.619 UTC, 2024-09-09 09:00:56.800 UTC, 19
42, 2024-09-09 09:00:56.800 UTC, 0, 36270014464, 282001408, 12582912, 2097152, 0, 0 0 0 0, 0 0 0 0, 0 0 0 0, 0 0 0 0, 2024-09-09 09:00:56.819 UTC, 2024-09-09 09:00:56.877 UTC, 2024-09-09 09:00:57.036 UTC, 19
43, 2024-09-09 09:00:57.036 UTC, 0, 36270014464, 282001408, 12582912, 2097152, 0, 0 0 0 0, 0 0 0 0, 0 0 0 0, 0 0 0 0, 2024-09-09 09:00:57.057 UTC, 2024-09-09 09:00:57.107 UTC, 2024-09-09 09:00:57.312 UTC, 19
44, 2024-09-09 09:00:57.312 UTC, 0, 36270014464, 282001408, 12582912, 2097152, 0, 0 0 0 0, 0 0 0 0, 0 0 0 0, 0 0 0 0, 2024-09-09 09:00:57.332 UTC, 2024-09-09 09:00:57.384 UTC, 2024-09-09 09:00:57.560 UTC, 19
45, 2024-09-09 09:00:57.560 UTC, 0, 36270014464, 282001408, 12582912, 2097152, 0, 0 0 0 0, 0 0 0 0, 0 0 0 0, 0 0 0 0, 2024-09-09 09:00:57.576 UTC, 2024-09-09 09:00:57.622 UTC, 2024-09-09 09:00:57.835 UTC, 19
46, 2024-09-09 09:00:57.835 UTC, 0, 36270014464, 282001408, 12582912, 2097152, 0, 0 0 0 0, 0 0 0 0, 0 0 0 0, 0 0 0 0, 2024-09-09 09:00:57.854 UTC, 2024-09-09 09:00:57.917 UTC, 2024-09-09 09:00:58.108 UTC, 19
47, 2024-09-09 09:00:58.108 UTC, 0, 36270014464, 282001408, 12582912, 2097152, 0, 0 0 0 0, 0 0 0 0, 0 0 0 0, 0 0 0 0, 2024-09-09 09:00:58.126 UTC, 2024-09-09 09:00:58.176 UTC, 2024-09-09 09:00:58.339 UTC, 19
48, 2024-09-09 09:00:58.340 UTC, 0, 36270014464, 282001408, 12582912, 2097152, 0, 0 0 0 0, 0 0 0 0, 0 0 0 0, 0 0 0 0, 2024-09-09 09:00:58.357 UTC, 2024-09-09 09:00:58.418 UTC, 2024-09-09 09:00:58.592 UTC, 19
49, 2024-09-09 09:00:58.592 UTC, 0, 36270014464, 282001408, 12582912, 2097152, 0, 0 0 0 0, 0 0 0 0, 0 0 0 0, 0 0 0 0, 2024-09-09 09:00:58.621 UTC, 2024-09-09 09:00:58.685 UTC, 2024-09-09 09:00:58.958 UTC, 19
50, 2024-09-09 09:00:58.958 UTC, 0, 36270014464, 282001408, 12582912, 2097152, 0, 0 0 0 0, 0 0 0 0, 0 0 0 0, 0 0 0 0, 2024-09-09 09:00:58.980 UTC, 2024-09-09 09:00:59.053 UTC, 2024-09-09 09:00:59.273 UTC, 19
51, 2024-09-09 09:00:59.273 UTC, 0, 36270014464, 282001408, 12582912, 2097152, 0, 0 0 0 0, 0 0 0 0, 0 0 0 0, 0 0 0 0, 2024-09-09 09:00:59.309 UTC, 2024-09-09 09:00:59.374 UTC, 2024-09-09 09:00:59.636 UTC, 19
52, 2024-09-09 09:00:59.636 UTC, 0, 36270014464, 282001408, 12582912, 2097152, 0, 0 0 0 0, 0 0 0 0, 0 0 0 0, 0 0 0 0, 2024-09-09 09:00:59.658 UTC, 2024-09-09 09:00:59.723 UTC, 2024-09-09 09:00:59.939 UTC, 19
53, 2024-09-09 09:00:59.939 UTC, 0, 36270014464, 282001408, 12582912, 2097152, 0, 0 0 0 0, 0 0 0 0, 0 0 0 0, 0 0 0 0, 2024-09-09 09:00:59.958 UTC, 2024-09-09 09:01:00.007 UTC, 2024-09-09 09:01:00.206 UTC, 19
54, 2024-09-09 09:01:00.207 UTC, 0, 36270014464, 282001408, 12582912, 2097152, 0, 0 0 0 0, 0 0 0 0, 0 0 0 0, 0 0 0 0, 2024-09-09 09:01:00.236 UTC, 2024-09-09 09:01:00.276 UTC, 2024-09-09 09:01:00.478 UTC, 19
55, 2024-09-09 09:01:00.478 UTC, 0, 36270014464, 282001408, 12582912, 2097152, 0, 0 0 0 0, 0 0 0 0, 0 0 0 0, 0 0 0 0, 2024-09-09 09:01:00.509 UTC, 2024-09-09 09:01:00.570 UTC, 2024-09-09 09:01:00.787 UTC, 19
56, 2024-09-09 09:01:00.787 UTC, 1, 36270014464, 282001408, 12582912, 2097152, 0, -0.504771 -0.000667379 -0.863253 0.618125, 0.851507 0.164016 -0.49803 0.787568, 0.14192 -0.986458 -0.0822217 0.179573, 0 0 0 1, 2024-09-09 09:01:00.809 UTC, 2024-09-09 09:01:00.885 UTC, 2024-09-09 09:01:01.181 UTC, 20
57, 2024-09-09 09:01:01.181 UTC, 0, 36270014464, 282001408, 12582912, 2097152, 0, 0 0 0 0, 0 0 0 0, 0 0 0 0, 0 0 0 0, 2024-09-09 09:01:01.203 UTC, 2024-09-09 09:01:01.256 UTC, 2024-09-09 09:01:01.510 UTC, 20
58, 2024-09-09 09:01:01.510 UTC, 0, 36270014464, 282005504, 12582912, 2097152, 0, 0 0 0 0, 0 0 0 0, 0 0 0 0, 0 0 0 0, 2024-09-09 09:01:01.535 UTC, 2024-09-09 09:01:01.622 UTC, 2024-09-09 09:01:02.130 UTC, 20
59, 2024-09-09 09:01:02.130 UTC, 0, 36270473216, 283029504, 12582912, 2097152, 0, 0 0 0 0, 0 0 0 0, 0 0 0 0, 0 0 0 0, 2024-09-09 09:01:02.175 UTC, 2024-09-09 09:01:02.313 UTC, 2024-09-09 09:01:03.021 UTC, 20
60, 2024-09-09 09:01:03.021 UTC, 0, 36271144960, 283701248, 12582912, 2097152, 0, 0 0 0 0, 0 0 0 0, 0 0 0 0, 0 0 0 0, 2024-09-09 09:01:03.047 UTC, 2024-09-09 09:01:03.112 UTC, 2024-09-09 09:01:03.457 UTC, 20
61, 2024-09-09 09:01:03.457 UTC, 0, 36271144960, 283701248, 12582912, 2097152, 0, 0 0 0 0, 0 0 0 0, 0 0 0 0, 0 0 0 0, 2024-09-09 09:01:03.473 UTC, 2024-09-09 09:01:03.532 UTC, 2024-09-09 09:01:03.872 UTC, 20
62, 2024-09-09 09:01:03.872 UTC, 0, 36271144960, 283701248, 12582912, 2097152, 0, 0 0 0 0, 0 0 0 0, 0 0 0 0, 0 0 0 0, 2024-09-09 09:01:03.898 UTC, 2024-09-09 09:01:03.977 UTC, 2024-09-09 09:01:04.303 UTC, 20
63, 2024-09-09 09:01:04.303 UTC, 0, 36271144960, 283701248, 12582912, 2097152, 0, 0 0 0 0, 0 0 0 0, 0 0 0 0, 0 0 0 0, 2024-09-09 09:01:04.333 UTC, 2024-09-09 09:01:04.401 UTC, 2024-09-09 09:01:04.821 UTC, 20
64, 2024-09-09 09:01:04.821 UTC, 0, 36271144960, 283701248, 12582912, 2097152, 0, 0 0 0 0, 0 0 0 0, 0 0 0 0, 0 0 0 0, 2024-09-09 09:01:04.845 UTC, 2024-09-09 09:01:04.901 UTC, 2024-09-09 09:01:05.206 UTC, 20
65, 2024-09-09 09:01:05.206 UTC, 0, 36271144960, 283701248, 12582912, 2097152, 0, 0 0 0 0, 0 0 0 0, 0 0 0 0, 0 0 0 0, 2024-09-09 09:01:05.222 UTC, 2024-09-09 09:01:05.279 UTC, 2024-09-09 09:01:05.654 UTC, 20
66, 2024-09-09 09:01:05.654 UTC, 0, 36271144960, 283701248, 12582912, 2097152, 0, 0 0 0 0, 0 0 0 0, 0 0 0 0, 0 0 0 0, 2024-09-09 09:01:05.681 UTC, 2024-09-09 09:01:05.743 UTC, 2024-09-09 09:01:06.374 UTC, 20
67, 2024-09-09 09:01:06.374 UTC, 0, 36271144960, 283701248, 12582912, 2097152, 0, 0 0 0 0, 0 0 0 0, 0 0 0 0, 0 0 0 0, 2024-09-09 09:01:06.425 UTC, 2024-09-09 09:01:06.541 UTC, 2024-09-09 09:01:07.049 UTC, 20
68, 2024-09-09 09:01:07.049 UTC, 0, 36271144960, 283701248, 12582912, 2097152, 0, 0 0 0 0, 0 0 0 0, 0 0 0 0, 0 0 0 0, 2024-09-09 09:01:07.072 UTC, 2024-09-09 09:01:07.141 UTC, 2024-09-09 09:01:07.429 UTC, 20
69, 2024-09-09 09:01:07.430 UTC, 0, 36271144960, 283701248, 12582912, 2097152, 0, 0 0 0 0, 0 0 0 0, 0 0 0 0, 0 0 0 0, 2024-09-09 09:01:07.461 UTC, 2024-09-09 09:01:07.536 UTC, 2024-09-09 09:01:07.840 UTC, 20
70, 2024-09-09 09:01:07.841 UTC, 0, 36271144960, 283701248, 12582912, 2097152, 0, 0 0 0 0, 0 0 0 0, 0 0 0 0, 0 0 0 0, 2024-09-09 09:01:07.862 UTC, 2024-09-09 09:01:07.920 UTC, 2024-09-09 09:01:08.279 UTC, 20
71, 2024-09-09 09:01:08.279 UTC, 1, 36271144960, 283701248, 12582912, 2097152, 0, -0.575882 -0.156387 0.802436 -2.15698, -0.815601 0.177349 -0.550767 -0.353105, -0.0561786 -0.971644 -0.229682 0.62944, 0 0 0 1, 2024-09-09 09:01:08.301 UTC, 2024-09-09 09:01:08.347 UTC, 2024-09-09 09:01:08.657 UTC, 21
72, 2024-09-09 09:01:08.657 UTC, 1, 36271144960, 283701248, 12582912, 2097152, 0, -0.5766 -0.151447 0.802868 -2.00379, -0.816649 0.136708 -0.56071 -0.46167, -0.0248415 -0.978966 -0.202505 0.653575, 0 0 0 1, 2024-09-09 09:01:08.687 UTC, 2024-09-09 09:01:08.782 UTC, 2024-09-09 09:01:09.128 UTC, 22
73, 2024-09-09 09:01:09.128 UTC, 1, 36271144960, 283701248, 12582912, 2097152, 0, -0.362139 -0.177844 0.915001 -2.06759, -0.932063 0.0803147 -0.353282 -0.953338, -0.0106592 -0.980776 -0.194847 0.647539, 0 0 0 1, 2024-09-09 09:01:09.151 UTC, 2024-09-09 09:01:09.249 UTC, 2024-09-09 09:01:09.589 UTC, 23
74, 2024-09-09 09:01:09.589 UTC, 0, 36271144960, 283701248, 12582912, 2097152, 0, 0 0 0 0, 0 0 0 0, 0 0 0 0, 0 0 0 0, 2024-09-09 09:01:09.639 UTC, 2024-09-09 09:01:09.745 UTC, 2024-09-09 09:01:10.176 UTC, 23
75, 2024-09-09 09:01:10.176 UTC, 0, 36271144960, 283701248, 12582912, 2097152, 0, 0 0 0 0, 0 0 0 0, 0 0 0 0, 0 0 0 0, 2024-09-09 09:01:10.192 UTC, 2024-09-09 09:01:10.252 UTC, 2024-09-09 09:01:10.643 UTC, 23
76, 2024-09-09 09:01:10.644 UTC, 0, 36271144960, 283701248, 12582912, 2097152, 0, 0 0 0 0, 0 0 0 0, 0 0 0 0, 0 0 0 0, 2024-09-09 09:01:10.667 UTC, 2024-09-09 09:01:10.740 UTC, 2024-09-09 09:01:11.134 UTC, 23
77, 2024-09-09 09:01:11.134 UTC, 0, 36271144960, 283774976, 12582912, 2097152, 0, 0 0 0 0, 0 0 0 0, 0 0 0 0, 0 0 0 0, 2024-09-09 09:01:11.153 UTC, 2024-09-09 09:01:11.240 UTC, 2024-09-09 09:01:11.587 UTC, 23
78, 2024-09-09 09:01:11.587 UTC, 0, 36271144960, 283774976, 12582912, 2097152, 0, 0 0 0 0, 0 0 0 0, 0 0 0 0, 0 0 0 0, 2024-09-09 09:01:11.614 UTC, 2024-09-09 09:01:11.686 UTC, 2024-09-09 09:01:12.020 UTC, 23
79, 2024-09-09 09:01:12.020 UTC, 0, 36271144960, 283774976, 12582912, 2097152, 0, 0 0 0 0, 0 0 0 0, 0 0 0 0, 0 0 0 0, 2024-09-09 09:01:12.043 UTC, 2024-09-09 09:01:12.102 UTC, 2024-09-09 09:01:12.513 UTC, 23
80, 2024-09-09 09:01:12.514 UTC, 1, 36271144960, 283774976, 12582912, 2097152, 0, -0.0942696 -0.0960178 0.990905 -1.50461, -0.98261 -0.150964 -0.108109 -1.98439, 0.159972 -0.983865 -0.0801166 0.470318, 0 0 0 1, 2024-09-09 09:01:12.538 UTC, 2024-09-09 09:01:12.601 UTC, 2024-09-09 09:01:12.932 UTC, 24
81, 2024-09-09 09:01:12.933 UTC, 0, 36271144960, 283774976, 12582912, 2097152, 0, 0 0 0 0, 0 0 0 0, 0 0 0 0, 0 0 0 0, 2024-09-09 09:01:12.953 UTC, 2024-09-09 09:01:13.043 UTC, 2024-09-09 09:01:13.598 UTC, 24
82, 2024-09-09 09:01:13.598 UTC, 0, 36271144960, 283774976, 12582912, 2097152, 0, 0 0 0 0, 0 0 0 0, 0 0 0 0, 0 0 0 0, 2024-09-09 09:01:13.620 UTC, 2024-09-09 09:01:13.686 UTC, 2024-09-09 09:01:14.361 UTC, 24
83, 2024-09-09 09:01:14.361 UTC, 0, 36271144960, 283774976, 12582912, 2097152, 0, 0 0 0 0, 0 0 0 0, 0 0 0 0, 0 0 0 0, 2024-09-09 09:01:14.408 UTC, 2024-09-09 09:01:14.555 UTC, 2024-09-09 09:01:15.156 UTC, 24
84, 2024-09-09 09:01:15.156 UTC, 0, 36271144960, 283774976, 12582912, 2097152, 0, 0 0 0 0, 0 0 0 0, 0 0 0 0, 0 0 0 0, 2024-09-09 09:01:15.196 UTC, 2024-09-09 09:01:15.260 UTC, 2024-09-09 09:01:15.523 UTC, 24
85, 2024-09-09 09:01:15.523 UTC, 0, 36271144960, 283774976, 12582912, 2097152, 0, 0 0 0 0, 0 0 0 0, 0 0 0 0, 0 0 0 0, 2024-09-09 09:01:15.539 UTC, 2024-09-09 09:01:15.581 UTC, 2024-09-09 09:01:15.783 UTC, 24
86, 2024-09-09 09:01:15.784 UTC, 0, 36271144960, 283774976, 12582912, 2097152, 0, 0 0 0 0, 0 0 0 0, 0 0 0 0, 0 0 0 0, 2024-09-09 09:01:15.807 UTC, 2024-09-09 09:01:15.877 UTC, 2024-09-09 09:01:16.133 UTC, 24
87, 2024-09-09 09:01:16.133 UTC, 1, 36271144960, 283774976, 12582912, 2097152, 0, 0.966698 -0.25216 -0.0436932 3.38941, 0.110102 0.255669 0.960475 -3.73901, -0.231023 -0.9333 0.27492 0.240757, 0 0 0 1, 2024-09-09 09:01:16.155 UTC, 2024-09-09 09:01:16.209 UTC, 2024-09-09 09:01:16.470 UTC, 25
88, 2024-09-09 09:01:16.470 UTC, 1, 36271144960, 283774976, 12582912, 2097152, 0, -0.0289753 0.0201424 0.999377 -0.353288, -0.999535 -0.0101114 -0.0287761 -1.3648, 0.00952549 -0.999746 0.0204261 0.84849, 0 0 0 1, 2024-09-09 09:01:16.490 UTC, 2024-09-09 09:01:16.567 UTC, 2024-09-09 09:01:16.933 UTC, 26
89, 2024-09-09 09:01:16.933 UTC, 1, 36271144960, 283774976, 12582912, 2097152, 0, 0.380817 -0.0421603 0.923689 -0.712856, -0.924122 -0.0511397 0.378661 -2.86356, 0.0312726 -0.997801 -0.0584359 0.788182, 0 0 0 1, 2024-09-09 09:01:16.964 UTC, 2024-09-09 09:01:17.035 UTC, 2024-09-09 09:01:17.458 UTC, 27
90, 2024-09-09 09:01:17.458 UTC, 0, 36271144960, 283774976, 12582912, 2097152, 0, 0 0 0 0, 0 0 0 0, 0 0 0 0, 0 0 0 0, 2024-09-09 09:01:17.484 UTC, 2024-09-09 09:01:17.565 UTC, 2024-09-09 09:01:17.900 UTC, 27
91, 2024-09-09 09:01:17.900 UTC, 1, 36271144960, 283774976, 12582912, 2097152, 0, 0.888821 0.059847 0.45433 -0.704686, -0.458137 0.0935894 0.883941 -1.35294, 0.0103807 -0.99381 0.110602 0.0823596, 0 0 0 1, 2024-09-09 09:01:17.930 UTC, 2024-09-09 09:01:17.992 UTC, 2024-09-09 09:01:18.372 UTC, 28
92, 2024-09-09 09:01:18.372 UTC, 0, 36271144960, 283774976, 12582912, 2097152, 0, 0 0 0 0, 0 0 0 0, 0 0 0 0, 0 0 0 0, 2024-09-09 09:01:18.406 UTC, 2024-09-09 09:01:18.492 UTC, 2024-09-09 09:01:18.958 UTC, 28
93, 2024-09-09 09:01:18.958 UTC, 0, 36271144960, 283774976, 12582912, 2097152, 0, 0 0 0 0, 0 0 0 0, 0 0 0 0, 0 0 0 0, 2024-09-09 09:01:18.980 UTC, 2024-09-09 09:01:19.048 UTC, 2024-09-09 09:01:19.514 UTC, 28
94, 2024-09-09 09:01:19.514 UTC, 0, 36271144960, 283774976, 12582912, 2097152, 0, 0 0 0 0, 0 0 0 0, 0 0 0 0, 0 0 0 0, 2024-09-09 09:01:19.532 UTC, 2024-09-09 09:01:19.605 UTC, 2024-09-09 09:01:19.999 UTC, 28
95, 2024-09-09 09:01:19.999 UTC, 0, 36271144960, 283774976, 12582912, 2097152, 0, 0 0 0 0, 0 0 0 0, 0 0 0 0, 0 0 0 0, 2024-09-09 09:01:20.028 UTC, 2024-09-09 09:01:20.094 UTC, 2024-09-09 09:01:20.540 UTC, 28
96, 2024-09-09 09:01:20.540 UTC, 0, 36271144960, 283774976, 12582912, 2097152, 0, 0 0 0 0, 0 0 0 0, 0 0 0 0, 0 0 0 0, 2024-09-09 09:01:20.557 UTC, 2024-09-09 09:01:20.626 UTC, 2024-09-09 09:01:21.082 UTC, 28
97, 2024-09-09 09:01:21.082 UTC, 0, 36271144960, 283774976, 12582912, 2097152, 0, 0 0 0 0, 0 0 0 0, 0 0 0 0, 0 0 0 0, 2024-09-09 09:01:21.111 UTC, 2024-09-09 09:01:21.196 UTC, 2024-09-09 09:01:21.554 UTC, 28
98, 2024-09-09 09:01:21.554 UTC, 0, 36271144960, 283774976, 12582912, 2097152, 0, 0 0 0 0, 0 0 0 0, 0 0 0 0, 0 0 0 0, 2024-09-09 09:01:21.573 UTC, 2024-09-09 09:01:21.640 UTC, 2024-09-09 09:01:21.929 UTC, 28
99, 2024-09-09 09:01:21.929 UTC, 0, 36271144960, 283774976, 12582912, 2097152, 0, 0 0 0 0, 0 0 0 0, 0 0 0 0, 0 0 0 0, 2024-09-09 09:01:21.958 UTC, 2024-09-09 09:01:22.028 UTC, 2024-09-09 09:01:22.360 UTC, 28
100, 2024-09-09 09:01:22.360 UTC, 0, 36271144960, 283774976, 12582912, 2097152, 0, 0 0 0 0, 0 0 0 0, 0 0 0 0, 0 0 0 0, 2024-09-09 09:01:22.389 UTC, 2024-09-09 09:01:22.461 UTC, 2024-09-09 09:01:22.822 UTC, 28
101, 2024-09-09 09:01:22.823 UTC, 0, 36271144960, 283774976, 12582912, 2097152, 0, 0 0 0 0, 0 0 0 0, 0 0 0 0, 0 0 0 0, 2024-09-09 09:01:22.847 UTC, 2024-09-09 09:01:22.941 UTC, 2024-09-09 09:01:23.304 UTC, 28
102, 2024-09-09 09:01:23.304 UTC, 0, 36271144960, 283774976, 12582912, 2097152, 0, 0 0 0 0, 0 0 0 0, 0 0 0 0, 0 0 0 0, 2024-09-09 09:01:23.322 UTC, 2024-09-09 09:01:23.381 UTC, 2024-09-09 09:01:23.744 UTC, 28
103, 2024-09-09 09:01:23.744 UTC, 0, 36271144960, 283774976, 12582912, 2097152, 0, 0 0 0 0, 0 0 0 0, 0 0 0 0, 0 0 0 0, 2024-09-09 09:01:23.769 UTC, 2024-09-09 09:01:23.831 UTC, 2024-09-09 09:01:24.201 UTC, 28
104, 2024-09-09 09:01:24.202 UTC, 0, 36271144960, 283774976, 12582912, 2097152, 0, 0 0 0 0, 0 0 0 0, 0 0 0 0, 0 0 0 0, 2024-09-09 09:01:24.226 UTC, 2024-09-09 09:01:24.310 UTC, 2024-09-09 09:01:24.682 UTC, 28
105, 2024-09-09 09:01:24.682 UTC, 0, 36271144960, 283774976, 12582912, 2097152, 0, 0 0 0 0, 0 0 0 0, 0 0 0 0, 0 0 0 0, 2024-09-09 09:01:24.713 UTC, 2024-09-09 09:01:24.773 UTC, 2024-09-09 09:01:25.162 UTC, 28
106, 2024-09-09 09:01:25.162 UTC, 0, 36271144960, 283774976, 12582912, 2097152, 0, 0 0 0 0, 0 0 0 0, 0 0 0 0, 0 0 0 0, 2024-09-09 09:01:25.187 UTC, 2024-09-09 09:01:25.265 UTC, 2024-09-09 09:01:25.648 UTC, 28
107, 2024-09-09 09:01:25.648 UTC, 0, 36271144960, 283774976, 12582912, 2097152, 0, 0 0 0 0, 0 0 0 0, 0 0 0 0, 0 0 0 0, 2024-09-09 09:01:25.676 UTC, 2024-09-09 09:01:25.756 UTC, 2024-09-09 09:01:26.134 UTC, 28
108, 2024-09-09 09:01:26.134 UTC, 0, 36271144960, 283774976, 12582912, 2097152, 0, 0 0 0 0, 0 0 0 0, 0 0 0 0, 0 0 0 0, 2024-09-09 09:01:26.157 UTC, 2024-09-09 09:01:26.235 UTC, 2024-09-09 09:01:26.610 UTC, 28
109, 2024-09-09 09:01:26.610 UTC, 0, 36271144960, 283774976, 12582912, 2097152, 0, 0 0 0 0, 0 0 0 0, 0 0 0 0, 0 0 0 0, 2024-09-09 09:01:26.633 UTC, 2024-09-09 09:01:26.698 UTC, 2024-09-09 09:01:27.027 UTC, 28
110, 2024-09-09 09:01:27.027 UTC, 0, 36271144960, 283774976, 12582912, 2097152, 0, 0 0 0 0, 0 0 0 0, 0 0 0 0, 0 0 0 0, 2024-09-09 09:01:27.051 UTC, 2024-09-09 09:01:27.118 UTC, 2024-09-09 09:01:27.453 UTC, 28
111, 2024-09-09 09:01:27.454 UTC, 0, 36271144960, 283774976, 12582912, 2097152, 0, 0 0 0 0, 0 0 0 0, 0 0 0 0, 0 0 0 0, 2024-09-09 09:01:27.474 UTC, 2024-09-09 09:01:27.547 UTC, 2024-09-09 09:01:27.896 UTC, 28
112, 2024-09-09 09:01:27.896 UTC, 0, 36271144960, 283774976, 12582912, 2097152, 0, 0 0 0 0, 0 0 0 0, 0 0 0 0, 0 0 0 0, 2024-09-09 09:01:27.919 UTC, 2024-09-09 09:01:28.008 UTC, 2024-09-09 09:01:28.409 UTC, 28
113, 2024-09-09 09:01:28.409 UTC, 0, 36271144960, 283774976, 12582912, 2097152, 0, 0 0 0 0, 0 0 0 0, 0 0 0 0, 0 0 0 0, 2024-09-09 09:01:28.429 UTC, 2024-09-09 09:01:28.492 UTC, 2024-09-09 09:01:28.871 UTC, 28
114, 2024-09-09 09:01:28.871 UTC, 0, 36271144960, 283774976, 12582912, 2097152, 0, 0 0 0 0, 0 0 0 0, 0 0 0 0, 0 0 0 0, 2024-09-09 09:01:28.893 UTC, 2024-09-09 09:01:28.962 UTC, 2024-09-09 09:01:29.317 UTC, 28
115, 2024-09-09 09:01:29.317 UTC, 0, 36271144960, 283774976, 12582912, 2097152, 0, 0 0 0 0, 0 0 0 0, 0 0 0 0, 0 0 0 0, 2024-09-09 09:01:29.354 UTC, 2024-09-09 09:01:29.421 UTC, 2024-09-09 09:01:29.712 UTC, 28
116, 2024-09-09 09:01:29.712 UTC, 0, 36271144960, 283774976, 12582912, 2097152, 0, 0 0 0 0, 0 0 0 0, 0 0 0 0, 0 0 0 0, 2024-09-09 09:01:29.747 UTC, 2024-09-09 09:01:29.797 UTC, 2024-09-09 09:01:30.121 UTC, 28
117, 2024-09-09 09:01:30.121 UTC, 1, 36271144960, 283774976, 12582912, 2097152, 0, -0.924744 -0.14001 -0.353902 -0.251259, 0.321487 0.210342 -0.923257 -1.0416, 0.203705 -0.96755 -0.149501 0.316327, 0 0 0 1, 2024-09-09 09:01:30.142 UTC, 2024-09-09 09:01:30.209 UTC, 2024-09-09 09:01:30.446 UTC, 29
118, 2024-09-09 09:01:30.446 UTC, 1, 36271144960, 283774976, 12582912, 2097152, 0, -0.887217 -0.186153 -0.42213 -0.270408, 0.399988 0.14559 -0.904883 -1.16622, 0.229905 -0.971674 -0.0547106 0.395169, 0 0 0 1, 2024-09-09 09:01:30.467 UTC, 2024-09-09 09:01:30.515 UTC, 2024-09-09 09:01:30.795 UTC, 30
119, 2024-09-09 09:01:30.795 UTC, 1, 36271144960, 283774976, 12582912, 2097152, 0, -0.793509 -0.235521 -0.561136 -0.105864, 0.57061 0.0325647 -0.820575 -1.4872, 0.211536 -0.971323 0.108551 0.613313, 0 0 0 1, 2024-09-09 09:01:30.819 UTC, 2024-09-09 09:01:30.878 UTC, 2024-09-09 09:01:31.242 UTC, 31
120, 2024-09-09 09:01:31.243 UTC, 1, 36271144960, 283774976, 12582912, 2097152, 0, -0.77913 -0.20563 -0.592177 -0.72571, 0.608031 -0.0180886 -0.793707 -1.06615, 0.152498 -0.978463 0.139123 0.498805, 0 0 0 1, 2024-09-09 09:01:31.270 UTC, 2024-09-09 09:01:31.351 UTC, 2024-09-09 09:01:31.644 UTC, 32
121, 2024-09-09 09:01:31.644 UTC, 1, 36271144960, 283774976, 12582912, 2097152, 0, -0.619562 -0.235949 -0.748646 -0.802152, 0.76695 0.0210957 -0.641359 -1.1914, 0.167121 -0.971536 0.167891 0.401333, 0 0 0 1, 2024-09-09 09:01:31.694 UTC, 2024-09-09 09:01:31.756 UTC, 2024-09-09 09:01:32.062 UTC, 33
122, 2024-09-09 09:01:32.062 UTC, 1, 36271144960, 283774976, 12582912, 2097152, 0, -0.475656 -0.123761 -0.870882 -0.807173, 0.87331 0.0520353 -0.484377 -1.45564, 0.105264 -0.990947 0.0833306 0.437185, 0 0 0 1, 2024-09-09 09:01:32.090 UTC, 2024-09-09 09:01:32.171 UTC, 2024-09-09 09:01:32.389 UTC, 34
123, 2024-09-09 09:01:32.389 UTC, 1, 36271144960, 283774976, 12582912, 2097152, 0, -0.366433 -0.103235 -0.9247 -0.840348, 0.920959 0.10131 -0.376261 -1.44548, 0.132525 -0.989484 0.0579524 0.386273, 0 0 0 1, 2024-09-09 09:01:32.412 UTC, 2024-09-09 09:01:32.474 UTC, 2024-09-09 09:01:32.701 UTC, 35
124, 2024-09-09 09:01:32.702 UTC, 1, 36271144960, 283774976, 12582912, 2097152, 0, -0.402044 -0.113085 -0.90861 -1.05735, 0.910797 0.0523266 -0.409525 -1.30837, 0.0938556 -0.992206 0.0819596 0.351372, 0 0 0 1, 2024-09-09 09:01:32.720 UTC, 2024-09-09 09:01:32.779 UTC, 2024-09-09 09:01:32.987 UTC, 36
125, 2024-09-09 09:01:32.988 UTC, 1, 36271144960, 283774976, 12582912, 2097152, 0, -0.425962 -0.137677 -0.894204 -1.21495, 0.901442 0.0197493 -0.43245 -1.06028, 0.0771983 -0.99028 0.115695 0.490483, 0 0 0 1, 2024-09-09 09:01:33.027 UTC, 2024-09-09 09:01:33.090 UTC, 2024-09-09 09:01:33.309 UTC, 37
126, 2024-09-09 09:01:33.310 UTC, 0, 36271144960, 283774976, 12582912, 2097152, 0, 0 0 0 0, 0 0 0 0, 0 0 0 0, 0 0 0 0, 2024-09-09 09:01:33.340 UTC, 2024-09-09 09:01:33.390 UTC, 2024-09-09 09:01:33.571 UTC, 37
127, 2024-09-09 09:01:33.571 UTC, 0, 36271144960, 283774976, 12582912, 2097152, 0, 0 0 0 0, 0 0 0 0, 0 0 0 0, 0 0 0 0, 2024-09-09 09:01:33.597 UTC, 2024-09-09 09:01:33.652 UTC, 2024-09-09 09:01:33.833 UTC, 37
128, 2024-09-09 09:01:33.833 UTC, 0, 36271144960, 283774976, 12582912, 2097152, 0, 0 0 0 0, 0 0 0 0, 0 0 0 0, 0 0 0 0, 2024-09-09 09:01:33.852 UTC, 2024-09-09 09:01:33.915 UTC, 2024-09-09 09:01:34.100 UTC, 37
129, 2024-09-09 09:01:34.100 UTC, 0, 36271144960, 283774976, 12582912, 2097152, 0, 0 0 0 0, 0 0 0 0, 0 0 0 0, 0 0 0 0, 2024-09-09 09:01:34.123 UTC, 2024-09-09 09:01:34.176 UTC, 2024-09-09 09:01:34.287 UTC, 37
130, 2024-09-09 09:01:34.287 UTC, 0, 36271144960, 283774976, 12582912, 2097152, 0, 0 0 0 0, 0 0 0 0, 0 0 0 0, 0 0 0 0, 2024-09-09 09:01:34.305 UTC, 2024-09-09 09:01:34.357 UTC, 2024-09-09 09:01:34.456 UTC, 37
131, 2024-09-09 09:01:34.456 UTC, 0, 36271144960, 283774976, 12582912, 2097152, 0, 0 0 0 0, 0 0 0 0, 0 0 0 0, 0 0 0 0, 2024-09-09 09:01:34.471 UTC, 2024-09-09 09:01:34.502 UTC, 2024-09-09 09:01:34.608 UTC, 37
132, 2024-09-09 09:01:34.608 UTC, 0, 36271144960, 283774976, 12582912, 2097152, 0, 0 0 0 0, 0 0 0 0, 0 0 0 0, 0 0 0 0, 2024-09-09 09:01:34.627 UTC, 2024-09-09 09:01:34.652 UTC, 2024-09-09 09:01:34.770 UTC, 37
133, 2024-09-09 09:01:34.770 UTC, 0, 36271144960, 283774976, 12582912, 2097152, 0, 0 0 0 0, 0 0 0 0, 0 0 0 0, 0 0 0 0, 2024-09-09 09:01:34.784 UTC, 2024-09-09 09:01:34.817 UTC, 2024-09-09 09:01:34.944 UTC, 37
134, 2024-09-09 09:01:34.944 UTC, 0, 36271144960, 283774976, 12582912, 2097152, 0, 0 0 0 0, 0 0 0 0, 0 0 0 0, 0 0 0 0, 2024-09-09 09:01:34.963 UTC, 2024-09-09 09:01:35.012 UTC, 2024-09-09 09:01:35.132 UTC, 37
135, 2024-09-09 09:01:35.133 UTC, 0, 36271144960, 283774976, 12582912, 2097152, 0, 0 0 0 0, 0 0 0 0, 0 0 0 0, 0 0 0 0, 2024-09-09 09:01:35.153 UTC, 2024-09-09 09:01:35.191 UTC, 2024-09-09 09:01:35.287 UTC, 37
136, 2024-09-09 09:01:35.287 UTC, 0, 36271144960, 283774976, 12582912, 2097152, 0, 0 0 0 0, 0 0 0 0, 0 0 0 0, 0 0 0 0, 2024-09-09 09:01:35.303 UTC, 2024-09-09 09:01:35.336 UTC, 2024-09-09 09:01:35.436 UTC, 37
137, 2024-09-09 09:01:35.436 UTC, 0, 36271144960, 283774976, 12582912, 2097152, 0, 0 0 0 0, 0 0 0 0, 0 0 0 0, 0 0 0 0, 2024-09-09 09:01:35.452 UTC, 2024-09-09 09:01:35.491 UTC, 2024-09-09 09:01:35.592 UTC, 37
138, 2024-09-09 09:01:35.592 UTC, 0, 36271144960, 283774976, 12582912, 2097152, 0, 0 0 0 0, 0 0 0 0, 0 0 0 0, 0 0 0 0, 2024-09-09 09:01:35.608 UTC, 2024-09-09 09:01:35.641 UTC, 2024-09-09 09:01:35.742 UTC, 37
139, 2024-09-09 09:01:35.742 UTC, 0, 36271144960, 283774976, 12582912, 2097152, 0, 0 0 0 0, 0 0 0 0, 0 0 0 0, 0 0 0 0, 2024-09-09 09:01:35.756 UTC, 2024-09-09 09:01:35.781 UTC, 2024-09-09 09:01:35.881 UTC, 37
140, 2024-09-09 09:01:35.881 UTC, 0, 36271144960, 283774976, 12582912, 2097152, 0, 0 0 0 0, 0 0 0 0, 0 0 0 0, 0 0 0 0, 2024-09-09 09:01:35.915 UTC, 2024-09-09 09:01:35.966 UTC, 2024-09-09 09:01:36.083 UTC, 37
141, 2024-09-09 09:01:36.083 UTC, 0, 36271144960, 283774976, 12582912, 2097152, 0, 0 0 0 0, 0 0 0 0, 0 0 0 0, 0 0 0 0, 2024-09-09 09:01:36.097 UTC, 2024-09-09 09:01:36.129 UTC, 2024-09-09 09:01:36.246 UTC, 37
142, 2024-09-09 09:01:36.246 UTC, 0, 36271144960, 283774976, 12582912, 2097152, 0, 0 0 0 0, 0 0 0 0, 0 0 0 0, 0 0 0 0, 2024-09-09 09:01:36.267 UTC, 2024-09-09 09:01:36.320 UTC, 2024-09-09 09:01:36.410 UTC, 37
143, 2024-09-09 09:01:36.410 UTC, 0, 36271144960, 283774976, 12582912, 2097152, 0, 0 0 0 0, 0 0 0 0, 0 0 0 0, 0 0 0 0, 2024-09-09 09:01:36.425 UTC, 2024-09-09 09:01:36.463 UTC, 2024-09-09 09:01:36.596 UTC, 37
144, 2024-09-09 09:01:36.596 UTC, 0, 36271144960, 283774976, 12582912, 2097152, 0, 0 0 0 0, 0 0 0 0, 0 0 0 0, 0 0 0 0, 2024-09-09 09:01:36.617 UTC, 2024-09-09 09:01:36.676 UTC, 2024-09-09 09:01:36.844 UTC, 37
145, 2024-09-09 09:01:36.844 UTC, 0, 36271144960, 283774976, 12582912, 2097152, 0, 0 0 0 0, 0 0 0 0, 0 0 0 0, 0 0 0 0, 2024-09-09 09:01:36.865 UTC, 2024-09-09 09:01:36.940 UTC, 2024-09-09 09:01:37.142 UTC, 37
146, 2024-09-09 09:01:37.142 UTC, 0, 36271144960, 283774976, 12582912, 2097152, 0, 0 0 0 0, 0 0 0 0, 0 0 0 0, 0 0 0 0, 2024-09-09 09:01:37.157 UTC, 2024-09-09 09:01:37.211 UTC, 2024-09-09 09:01:37.429 UTC, 37
147, 2024-09-09 09:01:37.429 UTC, 0, 36271144960, 283774976, 12582912, 2097152, 0, 0 0 0 0, 0 0 0 0, 0 0 0 0, 0 0 0 0, 2024-09-09 09:01:37.449 UTC, 2024-09-09 09:01:37.502 UTC, 2024-09-09 09:01:37.733 UTC, 37
148, 2024-09-09 09:01:37.734 UTC, 0, 36271144960, 283774976, 12582912, 2097152, 0, 0 0 0 0, 0 0 0 0, 0 0 0 0, 0 0 0 0, 2024-09-09 09:01:37.750 UTC, 2024-09-09 09:01:37.806 UTC, 2024-09-09 09:01:37.981 UTC, 37
149, 2024-09-09 09:01:37.981 UTC, 0, 36271144960, 283774976, 12582912, 2097152, 0, 0 0 0 0, 0 0 0 0, 0 0 0 0, 0 0 0 0, 2024-09-09 09:01:38.012 UTC, 2024-09-09 09:01:38.070 UTC, 2024-09-09 09:01:38.306 UTC, 37
150, 2024-09-09 09:01:38.306 UTC, 0, 36271144960, 283774976, 12582912, 2097152, 0, 0 0 0 0, 0 0 0 0, 0 0 0 0, 0 0 0 0, 2024-09-09 09:01:38.333 UTC, 2024-09-09 09:01:38.402 UTC, 2024-09-09 09:01:38.658 UTC, 37
151, 2024-09-09 09:01:38.658 UTC, 0, 36271144960, 283774976, 12582912, 2097152, 0, 0 0 0 0, 0 0 0 0, 0 0 0 0, 0 0 0 0, 2024-09-09 09:01:38.679 UTC, 2024-09-09 09:01:38.747 UTC, 2024-09-09 09:01:39.099 UTC, 37
152, 2024-09-09 09:01:39.099 UTC, 0, 36271144960, 283774976, 12582912, 2097152, 0, 0 0 0 0, 0 0 0 0, 0 0 0 0, 0 0 0 0, 2024-09-09 09:01:39.126 UTC, 2024-09-09 09:01:39.194 UTC, 2024-09-09 09:01:39.503 UTC, 37
153, 2024-09-09 09:01:39.503 UTC, 0, 36271144960, 283774976, 12582912, 2097152, 0, 0 0 0 0, 0 0 0 0, 0 0 0 0, 0 0 0 0, 2024-09-09 09:01:39.530 UTC, 2024-09-09 09:01:39.581 UTC, 2024-09-09 09:01:39.945 UTC, 37
154, 2024-09-09 09:01:39.945 UTC, 0, 36271144960, 283774976, 12582912, 2097152, 0, 0 0 0 0, 0 0 0 0, 0 0 0 0, 0 0 0 0, 2024-09-09 09:01:39.969 UTC, 2024-09-09 09:01:40.054 UTC, 2024-09-09 09:01:40.403 UTC, 37
155, 2024-09-09 09:01:40.403 UTC, 0, 36271144960, 283774976, 12582912, 2097152, 0, 0 0 0 0, 0 0 0 0, 0 0 0 0, 0 0 0 0, 2024-09-09 09:01:40.424 UTC, 2024-09-09 09:01:40.500 UTC, 2024-09-09 09:01:40.819 UTC, 37
156, 2024-09-09 09:01:40.819 UTC, 0, 36271144960, 283774976, 12582912, 2097152, 0, 0 0 0 0, 0 0 0 0, 0 0 0 0, 0 0 0 0, 2024-09-09 09:01:40.843 UTC, 2024-09-09 09:01:40.927 UTC, 2024-09-09 09:01:41.445 UTC, 37
157, 2024-09-09 09:01:41.445 UTC, 0, 36271144960, 283774976, 12582912, 2097152, 0, 0 0 0 0, 0 0 0 0, 0 0 0 0, 0 0 0 0, 2024-09-09 09:01:41.497 UTC, 2024-09-09 09:01:41.617 UTC, 2024-09-09 09:01:42.375 UTC, 37
158, 2024-09-09 09:01:42.375 UTC, 0, 36271144960, 283774976, 12582912, 2097152, 0, 0 0 0 0, 0 0 0 0, 0 0 0 0, 0 0 0 0, 2024-09-09 09:01:42.392 UTC, 2024-09-09 09:01:42.458 UTC, 2024-09-09 09:01:42.850 UTC, 37
159, 2024-09-09 09:01:42.850 UTC, 0, 36271144960, 283774976, 12582912, 2097152, 0, 0 0 0 0, 0 0 0 0, 0 0 0 0, 0 0 0 0, 2024-09-09 09:01:42.873 UTC, 2024-09-09 09:01:42.952 UTC, 2024-09-09 09:01:43.335 UTC, 37
160, 2024-09-09 09:01:43.335 UTC, 0, 36271144960, 283774976, 12582912, 2097152, 0, 0 0 0 0, 0 0 0 0, 0 0 0 0, 0 0 0 0, 2024-09-09 09:01:43.359 UTC, 2024-09-09 09:01:43.436 UTC, 2024-09-09 09:01:43.820 UTC, 37
161, 2024-09-09 09:01:43.820 UTC, 0, 36271144960, 283774976, 12582912, 2097152, 0, 0 0 0 0, 0 0 0 0, 0 0 0 0, 0 0 0 0, 2024-09-09 09:01:43.844 UTC, 2024-09-09 09:01:43.931 UTC, 2024-09-09 09:01:44.401 UTC, 37
162, 2024-09-09 09:01:44.401 UTC, 1, 36271144960, 283774976, 12582912, 2097152, 0, 0.199425 -0.107996 0.973944 -0.190068, -0.969356 -0.16724 0.179942 -1.92077, 0.14345 -0.979984 -0.138038 1.22572, 0 0 0 1, 2024-09-09 09:01:44.423 UTC, 2024-09-09 09:01:44.497 UTC, 2024-09-09 09:01:44.918 UTC, 38
163, 2024-09-09 09:01:44.918 UTC, 0, 36271144960, 283774976, 12582912, 2097152, 0, 0 0 0 0, 0 0 0 0, 0 0 0 0, 0 0 0 0, 2024-09-09 09:01:44.947 UTC, 2024-09-09 09:01:45.021 UTC, 2024-09-09 09:01:45.343 UTC, 38
164, 2024-09-09 09:01:45.343 UTC, 0, 36271144960, 283791360, 12582912, 2097152, 0, 0 0 0 0, 0 0 0 0, 0 0 0 0, 0 0 0 0, 2024-09-09 09:01:45.365 UTC, 2024-09-09 09:01:45.440 UTC, 2024-09-09 09:01:45.765 UTC, 38
165, 2024-09-09 09:01:45.765 UTC, 0, 36271144960, 283791360, 12582912, 2097152, 0, 0 0 0 0, 0 0 0 0, 0 0 0 0, 0 0 0 0, 2024-09-09 09:01:45.788 UTC, 2024-09-09 09:01:45.861 UTC, 2024-09-09 09:01:46.200 UTC, 38
166, 2024-09-09 09:01:46.200 UTC, 0, 36271144960, 283791360, 12582912, 2097152, 0, 0 0 0 0, 0 0 0 0, 0 0 0 0, 0 0 0 0, 2024-09-09 09:01:46.224 UTC, 2024-09-09 09:01:46.305 UTC, 2024-09-09 09:01:46.658 UTC, 38
167, 2024-09-09 09:01:46.658 UTC, 1, 36271144960, 283791360, 12582912, 2097152, 0, 0.995159 0.0563917 0.0804845 0.104315, -0.0893119 0.177275 0.980101 1.64096, 0.0410017 -0.982545 0.181453 0.348257, 0 0 0 1, 2024-09-09 09:01:46.679 UTC, 2024-09-09 09:01:46.752 UTC, 2024-09-09 09:01:46.989 UTC, 39
168, 2024-09-09 09:01:46.990 UTC, 1, 36271144960, 283791360, 12582912, 2097152, 0, 0.950739 0.0928063 -0.295776 0.0822906, 0.281642 0.140037 0.949246 1.73263, 0.129515 -0.985788 0.107 0.225428, 0 0 0 1, 2024-09-09 09:01:47.010 UTC, 2024-09-09 09:01:47.072 UTC, 2024-09-09 09:01:47.353 UTC, 40
169, 2024-09-09 09:01:47.353 UTC, 1, 36271144960, 283791360, 12582912, 2097152, 0, 0.734336 0.165475 -0.658307 0.0927028, 0.66312 0.0322711 0.747817 1.77344, 0.144989 -0.985686 -0.0860324 0.269001, 0 0 0 1, 2024-09-09 09:01:47.381 UTC, 2024-09-09 09:01:47.474 UTC, 2024-09-09 09:01:47.719 UTC, 41
170, 2024-09-09 09:01:47.720 UTC, 0, 36271144960, 283791360, 12582912, 2097152, 0, 0 0 0 0, 0 0 0 0, 0 0 0 0, 0 0 0 0, 2024-09-09 09:01:47.738 UTC, 2024-09-09 09:01:47.810 UTC, 2024-09-09 09:01:47.974 UTC, 41
171, 2024-09-09 09:01:47.974 UTC, 0, 36271144960, 283791360, 12582912, 2097152, 0, 0 0 0 0, 0 0 0 0, 0 0 0 0, 0 0 0 0, 2024-09-09 09:01:48.008 UTC, 2024-09-09 09:01:48.084 UTC, 2024-09-09 09:01:48.317 UTC, 41
172, 2024-09-09 09:01:48.317 UTC, 0, 36271144960, 283791360, 12582912, 2097152, 0, 0 0 0 0, 0 0 0 0, 0 0 0 0, 0 0 0 0, 2024-09-09 09:01:48.341 UTC, 2024-09-09 09:01:48.392 UTC, 2024-09-09 09:01:48.564 UTC, 41
173, 2024-09-09 09:01:48.565 UTC, 0, 36271144960, 283791360, 12582912, 2097152, 0, 0 0 0 0, 0 0 0 0, 0 0 0 0, 0 0 0 0, 2024-09-09 09:01:48.588 UTC, 2024-09-09 09:01:48.647 UTC, 2024-09-09 09:01:48.783 UTC, 41
