id, timestamp, converged, ram_VmSize, ram_VmRSS, gpu_total, gpu_fest, gpu_pose_est, tf_row1, tf_row2, tf_row3, tf_row4, timestamp_post_capture, timestamp_post_fest, timestamp_post_pose_est, successful_count
1, 2024-09-09 08:46:59.820 UTC, 1, 36267257856, 260222976, 14680064, 2097152, 2097152, 0.989175 -0.0697582 0.129097 -0.669057, -0.136574 -0.115935 0.983822 -2.41894, -0.0536629 -0.990804 -0.124207 0.397612, 0 0 0 1, 2024-09-09 08:46:59.845 UTC, 2024-09-09 08:46:59.947 UTC, 2024-09-09 08:47:00.402 UTC, 1
2, 2024-09-09 08:47:00.402 UTC, 1, 36269522944, 262488064, 14680064, 2097152, 2097152, 0.994513 -0.0511211 0.0912748 -0.482716, -0.0983956 -0.160718 0.982083 -2.33665, -0.0355357 -0.985675 -0.164867 0.635511, 0 0 0 1, 2024-09-09 08:47:00.431 UTC, 2024-09-09 08:47:00.520 UTC, 2024-09-09 08:47:00.933 UTC, 2
3, 2024-09-09 08:47:00.933 UTC, 0, 36269522944, 262492160, 12582912, 2097152, 0, 0 0 0 0, 0 0 0 0, 0 0 0 0, 0 0 0 0, 2024-09-09 08:47:00.956 UTC, 2024-09-09 08:47:01.054 UTC, 2024-09-09 08:47:01.551 UTC, 2
4, 2024-09-09 08:47:01.551 UTC, 1, 36269522944, 262492160, 12582912, 2097152, 0, 0.994054 -0.061149 0.0900999 -0.441528, -0.0960367 -0.102329 0.990104 -2.43805, -0.051324 -0.992869 -0.107594 0.247457, 0 0 0 1, 2024-09-09 08:47:01.573 UTC, 2024-09-09 08:47:01.678 UTC, 2024-09-09 08:47:02.139 UTC, 3
5, 2024-09-09 08:47:02.139 UTC, 1, 36269522944, 262492160, 12582912, 2097152, 0, 0.99282 -0.0913082 0.0772654 -0.378458, -0.09593 -0.221983 0.97032 -2.23326, -0.0714464 -0.970765 -0.229149 0.852637, 0 0 0 1, 2024-09-09 08:47:02.168 UTC, 2024-09-09 08:47:02.243 UTC, 2024-09-09 08:47:02.729 UTC, 4
6, 2024-09-09 08:47:02.730 UTC, 1, 36269522944, 262492160, 12582912, 2097152, 0, 0.995578 -0.0735885 0.0583825 -0.267458, -0.0710236 -0.182943 0.980555 -2.39851, -0.0614769 -0.980366 -0.187361 0.677616, 0 0 0 1, 2024-09-09 08:47:02.754 UTC, 2024-09-09 08:47:02.844 UTC, 2024-09-09 08:47:03.297 UTC, 5
7, 2024-09-09 08:47:03.297 UTC, 0, 36269522944, 262492160, 14680064, 2097152, 2097152, 0 0 0 0, 0 0 0 0, 0 0 0 0, 0 0 0 0, 2024-09-09 08:47:03.329 UTC, 2024-09-09 08:47:03.419 UTC, 2024-09-09 08:47:03.922 UTC, 5
8, 2024-09-09 08:47:03.922 UTC, 0, 36269522944, 262492160, 12582912, 2097152, 0, 0 0 0 0, 0 0 0 0, 0 0 0 0, 0 0 0 0, 2024-09-09 08:47:03.960 UTC, 2024-09-09 08:47:04.028 UTC, 2024-09-09 08:47:04.471 UTC, 5
9, 2024-09-09 08:47:04.471 UTC, 0, 36269522944, 262492160, 12582912, 2097152, 0, 0 0 0 0, 0 0 0 0, 0 0 0 0, 0 0 0 0, 2024-09-09 08:47:04.499 UTC, 2024-09-09 08:47:04.594 UTC, 2024-09-09 08:47:05.026 UTC, 5
10, 2024-09-09 08:47:05.026 UTC, 1, 36269522944, 262492160, 12582912, 2097152, 0, 0.93671 -0.122521 0.327967 -1.91019, -0.344454 -0.154881 0.925939 -2.48926, -0.0626512 -0.980306 -0.187281 0.541495, 0 0 0 1, 2024-09-09 08:47:05.055 UTC, 2024-09-09 08:47:05.128 UTC, 2024-09-09 08:47:05.557 UTC, 6
11, 2024-09-09 08:47:05.557 UTC, 0, 36269522944, 262492160, 12582912, 2097152, 0, 0 0 0 0, 0 0 0 0, 0 0 0 0, 0 0 0 0, 2024-09-09 08:47:05.586 UTC, 2024-09-09 08:47:05.662 UTC, 2024-09-09 08:47:06.215 UTC, 6
12, 2024-09-09 08:47:06.216 UTC, 0, 36269522944, 262492160, 12582912, 2097152, 0, 0 0 0 0, 0 0 0 0, 0 0 0 0, 0 0 0 0, 2024-09-09 08:47:06.234 UTC, 2024-09-09 08:47:06.296 UTC, 2024-09-09 08:47:06.776 UTC, 6
13, 2024-09-09 08:47:06.776 UTC, 1, 36269522944, 262492160, 14680064, 2097152, 2097152, 0.992635 -0.0746373 0.0954245 -0.44374, -0.107845 -0.18557 0.976695 -2.4024, -0.0551901 -0.979793 -0.192253 0.455398, 0 0 0 1, 2024-09-09 08:47:06.821 UTC, 2024-09-09 08:47:06.892 UTC, 2024-09-09 08:47:07.331 UTC, 7
14, 2024-09-09 08:47:07.331 UTC, 0, 36269522944, 262492160, 12582912, 2097152, 0, 0 0 0 0, 0 0 0 0, 0 0 0 0, 0 0 0 0, 2024-09-09 08:47:07.355 UTC, 2024-09-09 08:47:07.438 UTC, 2024-09-09 08:47:07.830 UTC, 7
15, 2024-09-09 08:47:07.830 UTC, 1, 36269522944, 262492160, 12582912, 2097152, 0, 0.986633 -0.10499 0.124633 -0.618185, -0.142334 -0.182755 0.972801 -2.41099, -0.079357 -0.977537 -0.195255 0.522638, 0 0 0 1, 2024-09-09 08:47:07.859 UTC, 2024-09-09 08:47:07.959 UTC, 2024-09-09 08:47:08.362 UTC, 8
16, 2024-09-09 08:47:08.362 UTC, 1, 36269522944, 262492160, 12582912, 2097152, 0, 0.987203 -0.0969205 0.126639 -0.718256, -0.144288 -0.204678 0.968136 -2.34609, -0.067912 -0.974019 -0.216043 0.597746, 0 0 0 1, 2024-09-09 08:47:08.400 UTC, 2024-09-09 08:47:08.497 UTC, 2024-09-09 08:47:09.019 UTC, 9
17, 2024-09-09 08:47:09.019 UTC, 1, 36269522944, 262492160, 12582912, 2097152, 0, 0.961702 -0.142581 0.234091 -0.98343, -0.255015 -0.152375 0.954856 -2.2707, -0.100476 -0.977984 -0.182899 0.173734, 0 0 0 1, 2024-09-09 08:47:09.049 UTC, 2024-09-09 08:47:09.127 UTC, 2024-09-09 08:47:09.540 UTC, 10
18, 2024-09-09 08:47:09.540 UTC, 1, 36269522944, 262492160, 12582912, 2097152, 0, 0.99086 -0.109292 -0.0790746 -0.74189, 0.0487856 -0.256183 0.965396 -1.9698, -0.125768 -0.960429 -0.248511 0.646213, 0 0 0 1, 2024-09-09 08:47:09.586 UTC, 2024-09-09 08:47:09.661 UTC, 2024-09-09 08:47:10.097 UTC, 11
19, 2024-09-09 08:47:10.098 UTC, 1, 36269522944, 262492160, 12582912, 2097152, 0, 0.860347 0.134766 -0.49157 -0.78461, 0.503428 -0.0737328 0.860886 -1.83591, 0.0797733 -0.98813 -0.131281 -0.133388, 0 0 0 1, 2024-09-09 08:47:10.147 UTC, 2024-09-09 08:47:10.225 UTC, 2024-09-09 08:47:10.561 UTC, 12
20, 2024-09-09 08:47:10.561 UTC, 0, 36269522944, 262492160, 12582912, 2097152, 0, 0 0 0 0, 0 0 0 0, 0 0 0 0, 0 0 0 0, 2024-09-09 08:47:10.587 UTC, 2024-09-09 08:47:10.682 UTC, 2024-09-09 08:47:10.925 UTC, 12
21, 2024-09-09 08:47:10.925 UTC, 0, 36269522944, 262492160, 12582912, 2097152, 0, 0 0 0 0, 0 0 0 0, 0 0 0 0, 0 0 0 0, 2024-09-09 08:47:10.944 UTC, 2024-09-09 08:47:11.017 UTC, 2024-09-09 08:47:11.244 UTC, 12
22, 2024-09-09 08:47:11.244 UTC, 1, 36269522944, 262492160, 12582912, 2097152, 0, 0.951908 -0.186602 -0.243006 -0.763214, 0.202873 -0.210472 0.956318 -1.38561, -0.229596 -0.959626 -0.162494 0.338066, 0 0 0 1, 2024-09-09 08:47:11.283 UTC, 2024-09-09 08:47:11.365 UTC, 2024-09-09 08:47:11.622 UTC, 13
23, 2024-09-09 08:47:11.622 UTC, 1, 36269522944, 262492160, 12582912, 2097152, 0, 0.963383 -0.0894603 -0.252764 -0.316847, 0.230614 -0.204455 0.951323 -1.15644, -0.136784 -0.97478 -0.176338 0.440269, 0 0 0 1, 2024-09-09 08:47:11.658 UTC, 2024-09-09 08:47:11.738 UTC, 2024-09-09 08:47:12.031 UTC, 14
24, 2024-09-09 08:47:12.031 UTC, 0, 36269522944, 262492160, 12582912, 2097152, 0, 0 0 0 0, 0 0 0 0, 0 0 0 0, 0 0 0 0, 2024-09-09 08:47:12.078 UTC, 2024-09-09 08:47:12.164 UTC, 2024-09-09 08:47:12.506 UTC, 14
25, 2024-09-09 08:47:12.507 UTC, 0, 36269522944, 267276288, 12582912, 2097152, 0, 0 0 0 0, 0 0 0 0, 0 0 0 0, 0 0 0 0, 2024-09-09 08:47:12.529 UTC, 2024-09-09 08:47:12.608 UTC, 2024-09-09 08:47:12.940 UTC, 14
26, 2024-09-09 08:47:12.940 UTC, 1, 36269522944, 267276288, 12582912, 2097152, 0, 0.825494 -0.183491 0.533752 -0.854185, -0.558751 -0.13208 0.81875 -0.943712, -0.0797363 -0.974108 -0.211557 0.638133, 0 0 0 1, 2024-09-09 08:47:12.977 UTC, 2024-09-09 08:47:13.078 UTC, 2024-09-09 08:47:13.458 UTC, 15
27, 2024-09-09 08:47:13.458 UTC, 1, 36269522944, 267276288, 12582912, 2097152, 0, 0.806728 -0.166553 0.566966 -1.09313, -0.589377 -0.157417 0.792373 -0.776348, -0.0427227 -0.973386 -0.225154 0.698023, 0 0 0 1, 2024-09-09 08:47:13.506 UTC, 2024-09-09 08:47:13.589 UTC, 2024-09-09 08:47:13.999 UTC, 16
28, 2024-09-09 08:47:14.000 UTC, 1, 36269522944, 267276288, 12582912, 2097152, 0, 0.849656 -0.139279 0.508611 -0.858044, -0.526201 -0.160667 0.835044 -0.923251, -0.034587 -0.977132 -0.209801 0.592056, 0 0 0 1, 2024-09-09 08:47:14.057 UTC, 2024-09-09 08:47:14.147 UTC, 2024-09-09 08:47:14.480 UTC, 17
29, 2024-09-09 08:47:14.480 UTC, 1, 36269522944, 267276288, 12582912, 2097152, 0, 0.846978 -0.121665 0.517519 -1.02619, -0.531056 -0.148495 0.834223 -0.881526, -0.0246471 -0.981401 -0.190382 0.576982, 0 0 0 1, 2024-09-09 08:47:14.518 UTC, 2024-09-09 08:47:14.600 UTC, 2024-09-09 08:47:15.014 UTC, 18
30, 2024-09-09 08:47:15.014 UTC, 1, 36269522944, 267276288, 12582912, 2097152, 0, 0.844412 -0.146534 0.515263 -1.09059, -0.532106 -0.11829 0.838374 -0.835216, -0.0618989 -0.982108 -0.177856 0.493895, 0 0 0 1, 2024-09-09 08:47:15.057 UTC, 2024-09-09 08:47:15.141 UTC, 2024-09-09 08:47:15.466 UTC, 19
31, 2024-09-09 08:47:15.466 UTC, 0, 36269522944, 267276288, 12582912, 2097152, 0, 0 0 0 0, 0 0 0 0, 0 0 0 0, 0 0 0 0, 2024-09-09 08:47:15.508 UTC, 2024-09-09 08:47:15.608 UTC, 2024-09-09 08:47:15.946 UTC, 19
32, 2024-09-09 08:47:15.946 UTC, 1, 36269522944, 267276288, 12582912, 2097152, 0, 0.807154 -0.171091 0.565004 -1.10037, -0.586899 -0.129373 0.799257 -0.754274, -0.0636497 -0.976724 -0.204837 0.494557, 0 0 0 1, 2024-09-09 08:47:15.983 UTC, 2024-09-09 08:47:16.057 UTC, 2024-09-09 08:47:16.377 UTC, 20
33, 2024-09-09 08:47:16.377 UTC, 1, 36269522944, 267276288, 12582912, 2097152, 0, 0.818631 -0.170702 0.548364 -1.18408, -0.572644 -0.169741 0.802039 -0.638519, -0.0438297 -0.970592 -0.236708 0.689818, 0 0 0 1, 2024-09-09 08:47:16.406 UTC, 2024-09-09 08:47:16.485 UTC, 2024-09-09 08:47:16.813 UTC, 21
34, 2024-09-09 08:47:16.813 UTC, 1, 36269522944, 267276288, 12582912, 2097152, 0, 0.856601 -0.147198 0.494537 -0.845381, -0.511998 -0.12366 0.850039 -0.931712, -0.0639699 -0.981347 -0.181293 0.532873, 0 0 0 1, 2024-09-09 08:47:16.869 UTC, 2024-09-09 08:47:16.931 UTC, 2024-09-09 08:47:17.302 UTC, 22
35, 2024-09-09 08:47:17.303 UTC, 1, 36269522944, 267276288, 12582912, 2097152, 0, 0.783379 -0.200836 0.588202 -1.23659, -0.616188 -0.126987 0.777294 -0.582728, -0.0814151 -0.97136 -0.223231 0.712457, 0 0 0 1, 2024-09-09 08:47:17.324 UTC, 2024-09-09 08:47:17.404 UTC, 2024-09-09 08:47:17.752 UTC, 23
36, 2024-09-09 08:47:17.752 UTC, 1, 36269522944, 267276288, 12582912, 2097152, 0, 0.840227 -0.167068 0.515856 -0.929415, -0.538263 -0.142042 0.830721 -0.827986, -0.0655134 -0.97566 -0.209274 0.618425, 0 0 0 1, 2024-09-09 08:47:17.802 UTC, 2024-09-09 08:47:17.863 UTC, 2024-09-09 08:47:18.218 UTC, 24
37, 2024-09-09 08:47:18.218 UTC, 0, 36269817856, 267542528, 12582912, 2097152, 0, 0 0 0 0, 0 0 0 0, 0 0 0 0, 0 0 0 0, 2024-09-09 08:47:18.238 UTC, 2024-09-09 08:47:18.308 UTC, 2024-09-09 08:47:18.635 UTC, 24
38, 2024-09-09 08:47:18.635 UTC, 0, 36269817856, 267571200, 12582912, 2097152, 0, 0 0 0 0, 0 0 0 0, 0 0 0 0, 0 0 0 0, 2024-09-09 08:47:18.659 UTC, 2024-09-09 08:47:18.736 UTC, 2024-09-09 08:47:19.085 UTC, 24
39, 2024-09-09 08:47:19.085 UTC, 0, 36269817856, 267571200, 12582912, 2097152, 0, 0 0 0 0, 0 0 0 0, 0 0 0 0, 0 0 0 0, 2024-09-09 08:47:19.119 UTC, 2024-09-09 08:47:19.230 UTC, 2024-09-09 08:47:19.618 UTC, 24
40, 2024-09-09 08:47:19.618 UTC, 0, 36269817856, 267571200, 12582912, 2097152, 0, 0 0 0 0, 0 0 0 0, 0 0 0 0, 0 0 0 0, 2024-09-09 08:47:19.640 UTC, 2024-09-09 08:47:19.699 UTC, 2024-09-09 08:47:20.035 UTC, 24
41, 2024-09-09 08:47:20.035 UTC, 1, 36269817856, 267571200, 12582912, 2097152, 0, 0.836612 -0.170391 0.520623 -1.13429, -0.541771 -0.11679 0.832373 -0.833498, -0.0810249 -0.978431 -0.190021 0.582987, 0 0 0 1, 2024-09-09 08:47:20.089 UTC, 2024-09-09 08:47:20.172 UTC, 2024-09-09 08:47:20.505 UTC, 25
42, 2024-09-09 08:47:20.505 UTC, 1, 36269817856, 267571200, 12582912, 2097152, 0, 0.847441 -0.149297 0.509464 -1.00096, -0.526723 -0.116457 0.842022 -0.875376, -0.0663807 -0.981911 -0.177329 0.55416, 0 0 0 1, 2024-09-09 08:47:20.572 UTC, 2024-09-09 08:47:20.634 UTC, 2024-09-09 08:47:20.955 UTC, 26
43, 2024-09-09 08:47:20.956 UTC, 1, 36269817856, 267571200, 12582912, 2097152, 0, 0.805463 -0.235866 0.543688 -1.14248, -0.579523 -0.121482 0.805851 -0.737129, -0.124024 -0.964163 -0.234539 0.653336, 0 0 0 1, 2024-09-09 08:47:21.012 UTC, 2024-09-09 08:47:21.072 UTC, 2024-09-09 08:47:21.432 UTC, 27
44, 2024-09-09 08:47:21.432 UTC, 1, 36269817856, 267571200, 12582912, 2097152, 0, 0.822619 -0.206182 0.529893 -0.987618, -0.561433 -0.147115 0.81434 -0.757688, -0.0899467 -0.967392 -0.236777 0.735549, 0 0 0 1, 2024-09-09 08:47:21.475 UTC, 2024-09-09 08:47:21.552 UTC, 2024-09-09 08:47:21.980 UTC, 28
45, 2024-09-09 08:47:21.980 UTC, 1, 36269817856, 267571200, 12582912, 2097152, 0, 0.825098 -0.19085 0.53178 -1.05721, -0.557863 -0.126165 0.820287 -0.8015, -0.0894602 -0.973478 -0.210566 0.56951, 0 0 0 1, 2024-09-09 08:47:22.015 UTC, 2024-09-09 08:47:22.095 UTC, 2024-09-09 08:47:22.421 UTC, 29
46, 2024-09-09 08:47:22.422 UTC, 1, 36269817856, 267571200, 12582912, 2097152, 0, 0.828751 -0.184444 0.528349 -1.06427, -0.551576 -0.109742 0.826874 -0.841011, -0.0945303 -0.976697 -0.192683 0.608518, 0 0 0 1, 2024-09-09 08:47:22.479 UTC, 2024-09-09 08:47:22.555 UTC, 2024-09-09 08:47:22.929 UTC, 30
47, 2024-09-09 08:47:22.929 UTC, 1, 36269817856, 270839808, 12582912, 2097152, 0, 0.769006 -0.235407 0.594319 -1.27996, -0.620777 -0.0531629 0.782182 -0.704377, -0.152535 -0.970442 -0.187018 0.574595, 0 0 0 1, 2024-09-09 08:47:22.994 UTC, 2024-09-09 08:47:23.059 UTC, 2024-09-09 08:47:23.475 UTC, 31
48, 2024-09-09 08:47:23.475 UTC, 1, 36269817856, 270839808, 12582912, 2097152, 0, 0.825043 -0.185161 0.533873 -1.06079, -0.558615 -0.124861 0.819975 -0.824169, -0.085168 -0.974743 -0.206449 0.617701, 0 0 0 1, 2024-09-09 08:47:23.526 UTC, 2024-09-09 08:47:23.606 UTC, 2024-09-09 08:47:23.953 UTC, 32
49, 2024-09-09 08:47:23.954 UTC, 1, 36269817856, 270839808, 12582912, 2097152, 0, 0.858496 -0.186282 0.477791 -0.870945, -0.505268 -0.147949 0.850186 -0.90857, -0.0876857 -0.971294 -0.221135 0.611637, 0 0 0 1, 2024-09-09 08:47:23.985 UTC, 2024-09-09 08:47:24.057 UTC, 2024-09-09 08:47:24.374 UTC, 33
50, 2024-09-09 08:47:24.374 UTC, 1, 36269817856, 270839808, 12582912, 2097152, 0, 0.857359 -0.156617 0.490313 -0.872479, -0.505286 -0.0745565 0.859725 -0.97877, -0.098092 -0.984841 -0.143058 0.433499, 0 0 0 1, 2024-09-09 08:47:24.416 UTC, 2024-09-09 08:47:24.523 UTC, 2024-09-09 08:47:24.861 UTC, 34
51, 2024-09-09 08:47:24.861 UTC, 1, 36269817856, 270839808, 12582912, 2097152, 0, 0.84861 -0.167689 0.501739 -0.968241, -0.522724 -0.119911 0.844027 -0.843193, -0.0813707 -0.97852 -0.189413 0.646796, 0 0 0 1, 2024-09-09 08:47:24.917 UTC, 2024-09-09 08:47:24.997 UTC, 2024-09-09 08:47:25.381 UTC, 35
52, 2024-09-09 08:47:25.381 UTC, 0, 36269817856, 270839808, 12582912, 2097152, 0, 0 0 0 0, 0 0 0 0, 0 0 0 0, 0 0 0 0, 2024-09-09 08:47:25.413 UTC, 2024-09-09 08:47:25.513 UTC, 2024-09-09 08:47:25.880 UTC, 35
53, 2024-09-09 08:47:25.880 UTC, 1, 36269817856, 270839808, 12582912, 2097152, 0, 0.851418 -0.138432 0.505889 -0.967287, -0.51869 -0.0792254 0.851284 -0.913838, -0.0777661 -0.987198 -0.139258 0.48949, 0 0 0 1, 2024-09-09 08:47:25.921 UTC, 2024-09-09 08:47:26.031 UTC, 2024-09-09 08:47:26.432 UTC, 36
54, 2024-09-09 08:47:26.432 UTC, 0, 36269817856, 270839808, 12582912, 2097152, 0, 0 0 0 0, 0 0 0 0, 0 0 0 0, 0 0 0 0, 2024-09-09 08:47:26.455 UTC, 2024-09-09 08:47:26.505 UTC, 2024-09-09 08:47:26.871 UTC, 36
55, 2024-09-09 08:47:26.871 UTC, 0, 36269817856, 271650816, 12582912, 2097152, 0, 0 0 0 0, 0 0 0 0, 0 0 0 0, 0 0 0 0, 2024-09-09 08:47:26.924 UTC, 2024-09-09 08:47:26.984 UTC, 2024-09-09 08:47:27.366 UTC, 36
56, 2024-09-09 08:47:27.366 UTC, 0, 36269817856, 271650816, 12582912, 2097152, 0, 0 0 0 0, 0 0 0 0, 0 0 0 0, 0 0 0 0, 2024-09-09 08:47:27.391 UTC, 2024-09-09 08:47:27.488 UTC, 2024-09-09 08:47:27.860 UTC, 36
57, 2024-09-09 08:47:27.860 UTC, 0, 36269817856, 271650816, 12582912, 2097152, 0, 0 0 0 0, 0 0 0 0, 0 0 0 0, 0 0 0 0, 2024-09-09 08:47:27.897 UTC, 2024-09-09 08:47:27.991 UTC, 2024-09-09 08:47:28.358 UTC, 36
58, 2024-09-09 08:47:28.358 UTC, 0, 36269817856, 271650816, 12582912, 2097152, 0, 0 0 0 0, 0 0 0 0, 0 0 0 0, 0 0 0 0, 2024-09-09 08:47:28.400 UTC, 2024-09-09 08:47:28.490 UTC, 2024-09-09 08:47:28.795 UTC, 36
59, 2024-09-09 08:47:28.795 UTC, 0, 36269817856, 271650816, 12582912, 2097152, 0, 0 0 0 0, 0 0 0 0, 0 0 0 0, 0 0 0 0, 2024-09-09 08:47:28.838 UTC, 2024-09-09 08:47:28.920 UTC, 2024-09-09 08:47:29.262 UTC, 36
60, 2024-09-09 08:47:29.263 UTC, 1, 36269817856, 271650816, 12582912, 2097152, 0, 0.436156 -0.255017 0.86298 -0.889938, -0.893635 -0.0100435 0.448682 -0.610701, -0.105754 -0.966885 -0.232273 1.01973, 0 0 0 1, 2024-09-09 08:47:29.298 UTC, 2024-09-09 08:47:29.366 UTC, 2024-09-09 08:47:29.670 UTC, 37
61, 2024-09-09 08:47:29.670 UTC, 0, 36269817856, 271650816, 12582912, 2097152, 0, 0 0 0 0, 0 0 0 0, 0 0 0 0, 0 0 0 0, 2024-09-09 08:47:29.700 UTC, 2024-09-09 08:47:29.781 UTC, 2024-09-09 08:47:30.060 UTC, 37
62, 2024-09-09 08:47:30.060 UTC, 0, 36269817856, 273973248, 12582912, 2097152, 0, 0 0 0 0, 0 0 0 0, 0 0 0 0, 0 0 0 0, 2024-09-09 08:47:30.090 UTC, 2024-09-09 08:47:30.208 UTC, 2024-09-09 08:47:30.443 UTC, 37
63, 2024-09-09 08:47:30.443 UTC, 0, 36269817856, 273973248, 12582912, 2097152, 0, 0 0 0 0, 0 0 0 0, 0 0 0 0, 0 0 0 0, 2024-09-09 08:47:30.471 UTC, 2024-09-09 08:47:30.541 UTC, 2024-09-09 08:47:30.690 UTC, 37
64, 2024-09-09 08:47:30.690 UTC, 0, 36269817856, 273973248, 12582912, 2097152, 0, 0 0 0 0, 0 0 0 0, 0 0 0 0, 0 0 0 0, 2024-09-09 08:47:30.718 UTC, 2024-09-09 08:47:30.775 UTC, 2024-09-09 08:47:30.996 UTC, 37
65, 2024-09-09 08:47:30.996 UTC, 0, 36269817856, 273973248, 12582912, 2097152, 0, 0 0 0 0, 0 0 0 0, 0 0 0 0, 0 0 0 0, 2024-09-09 08:47:31.017 UTC, 2024-09-09 08:47:31.083 UTC, 2024-09-09 08:47:31.328 UTC, 37
66, 2024-09-09 08:47:31.328 UTC, 0, 36269817856, 273973248, 12582912, 2097152, 0, 0 0 0 0, 0 0 0 0, 0 0 0 0, 0 0 0 0, 2024-09-09 08:47:31.351 UTC, 2024-09-09 08:47:31.418 UTC, 2024-09-09 08:47:31.788 UTC, 37
67, 2024-09-09 08:47:31.788 UTC, 1, 36269817856, 273973248, 12582912, 2097152, 0, 0.853413 -0.0808644 0.514925 1.11671, 0.520061 0.0658252 -0.851589 3.12705, 0.0349682 0.994549 0.0982307 1.16034, 0 0 0 1, 2024-09-09 08:47:31.811 UTC, 2024-09-09 08:47:31.873 UTC, 2024-09-09 08:47:32.245 UTC, 38
68, 2024-09-09 08:47:32.246 UTC, 0, 36269817856, 273973248, 12582912, 2097152, 0, 0 0 0 0, 0 0 0 0, 0 0 0 0, 0 0 0 0, 2024-09-09 08:47:32.271 UTC, 2024-09-09 08:47:32.360 UTC, 2024-09-09 08:47:32.759 UTC, 38
69, 2024-09-09 08:47:32.759 UTC, 0, 36269817856, 273973248, 12582912, 2097152, 0, 0 0 0 0, 0 0 0 0, 0 0 0 0, 0 0 0 0, 2024-09-09 08:47:32.781 UTC, 2024-09-09 08:47:32.850 UTC, 2024-09-09 08:47:33.203 UTC, 38
70, 2024-09-09 08:47:33.203 UTC, 0, 36269817856, 273973248, 12582912, 2097152, 0, 0 0 0 0, 0 0 0 0, 0 0 0 0, 0 0 0 0, 2024-09-09 08:47:33.233 UTC, 2024-09-09 08:47:33.295 UTC, 2024-09-09 08:47:33.633 UTC, 38
71, 2024-09-09 08:47:33.633 UTC, 1, 36269817856, 273973248, 12582912, 2097152, 0, 0.530387 -0.25823 0.80747 -0.304261, -0.789533 0.196429 0.581423 -2.69389, -0.308751 -0.945903 -0.0996987 -0.768867, 0 0 0 1, 2024-09-09 08:47:33.662 UTC, 2024-09-09 08:47:33.726 UTC, 2024-09-09 08:47:34.082 UTC, 39
72, 2024-09-09 08:47:34.082 UTC, 0, 36270063616, 274219008, 12582912, 2097152, 0, 0 0 0 0, 0 0 0 0, 0 0 0 0, 0 0 0 0, 2024-09-09 08:47:34.117 UTC, 2024-09-09 08:47:34.233 UTC, 2024-09-09 08:47:35.120 UTC, 39
73, 2024-09-09 08:47:35.120 UTC, 1, 36270063616, 274219008, 12582912, 2097152, 0, 0.600434 -0.250694 0.759363 -0.0454193, -0.774109 0.0559716 0.630573 -2.9293, -0.200584 -0.966447 -0.160457 -0.183168, 0 0 0 1, 2024-09-09 08:47:35.260 UTC, 2024-09-09 08:47:35.526 UTC, 2024-09-09 08:47:35.899 UTC, 40
74, 2024-09-09 08:47:35.899 UTC, 0, 36270063616, 274219008, 12582912, 2097152, 0, 0 0 0 0, 0 0 0 0, 0 0 0 0, 0 0 0 0, 2024-09-09 08:47:35.919 UTC, 2024-09-09 08:47:35.995 UTC, 2024-09-09 08:47:36.360 UTC, 40
75, 2024-09-09 08:47:36.360 UTC, 0, 36270063616, 274219008, 12582912, 2097152, 0, 0 0 0 0, 0 0 0 0, 0 0 0 0, 0 0 0 0, 2024-09-09 08:47:36.379 UTC, 2024-09-09 08:47:36.446 UTC, 2024-09-09 08:47:36.859 UTC, 40
76, 2024-09-09 08:47:36.860 UTC, 1, 36270063616, 274219008, 12582912, 2097152, 0, 0.966845 -0.241111 0.0841181 -0.816376, -0.136127 -0.207931 0.968625 -2.33086, -0.216056 -0.947961 -0.233859 0.880447, 0 0 0 1, 2024-09-09 08:47:36.886 UTC, 2024-09-09 08:47:36.961 UTC, 2024-09-09 08:47:37.358 UTC, 41
77, 2024-09-09 08:47:37.358 UTC, 0, 36270063616, 274219008, 12582912, 2097152, 0, 0 0 0 0, 0 0 0 0, 0 0 0 0, 0 0 0 0, 2024-09-09 08:47:37.379 UTC, 2024-09-09 08:47:37.453 UTC, 2024-09-09 08:47:37.838 UTC, 41
78, 2024-09-09 08:47:37.838 UTC, 0, 36270063616, 274219008, 12582912, 2097152, 0, 0 0 0 0, 0 0 0 0, 0 0 0 0, 0 0 0 0, 2024-09-09 08:47:37.861 UTC, 2024-09-09 08:47:37.940 UTC, 2024-09-09 08:47:38.263 UTC, 41
79, 2024-09-09 08:47:38.263 UTC, 0, 36270063616, 274219008, 12582912, 2097152, 0, 0 0 0 0, 0 0 0 0, 0 0 0 0, 0 0 0 0, 2024-09-09 08:47:38.308 UTC, 2024-09-09 08:47:38.365 UTC, 2024-09-09 08:47:38.699 UTC, 41
80, 2024-09-09 08:47:38.699 UTC, 0, 36270063616, 274219008, 12582912, 2097152, 0, 0 0 0 0, 0 0 0 0, 0 0 0 0, 0 0 0 0, 2024-09-09 08:47:38.720 UTC, 2024-09-09 08:47:38.781 UTC, 2024-09-09 08:47:39.102 UTC, 41
81, 2024-09-09 08:47:39.103 UTC, 0, 36270063616, 274219008, 12582912, 2097152, 0, 0 0 0 0, 0 0 0 0, 0 0 0 0, 0 0 0 0, 2024-09-09 08:47:39.122 UTC, 2024-09-09 08:47:39.179 UTC, 2024-09-09 08:47:39.388 UTC, 41
82, 2024-09-09 08:47:39.388 UTC, 0, 36270063616, 274219008, 12582912, 2097152, 0, 0 0 0 0, 0 0 0 0, 0 0 0 0, 0 0 0 0, 2024-09-09 08:47:39.413 UTC, 2024-09-09 08:47:39.464 UTC, 2024-09-09 08:47:39.625 UTC, 41
83, 2024-09-09 08:47:39.626 UTC, 0, 36270063616, 274219008, 12582912, 2097152, 0, 0 0 0 0, 0 0 0 0, 0 0 0 0, 0 0 0 0, 2024-09-09 08:47:39.644 UTC, 2024-09-09 08:47:39.695 UTC, 2024-09-09 08:47:39.866 UTC, 41
84, 2024-09-09 08:47:39.866 UTC, 0, 36270063616, 274219008, 12582912, 2097152, 0, 0 0 0 0, 0 0 0 0, 0 0 0 0, 0 0 0 0, 2024-09-09 08:47:39.899 UTC, 2024-09-09 08:47:39.956 UTC, 2024-09-09 08:47:40.098 UTC, 41
85, 2024-09-09 08:47:40.099 UTC, 0, 36270063616, 274219008, 12582912, 2097152, 0, 0 0 0 0, 0 0 0 0, 0 0 0 0, 0 0 0 0, 2024-09-09 08:47:40.116 UTC, 2024-09-09 08:47:40.157 UTC, 2024-09-09 08:47:40.287 UTC, 41
86, 2024-09-09 08:47:40.287 UTC, 0, 36270063616, 274219008, 12582912, 2097152, 0, 0 0 0 0, 0 0 0 0, 0 0 0 0, 0 0 0 0, 2024-09-09 08:47:40.303 UTC, 2024-09-09 08:47:40.335 UTC, 2024-09-09 08:47:40.446 UTC, 41
87, 2024-09-09 08:47:40.446 UTC, 0, 36270063616, 274219008, 12582912, 2097152, 0, 0 0 0 0, 0 0 0 0, 0 0 0 0, 0 0 0 0, 2024-09-09 08:47:40.463 UTC, 2024-09-09 08:47:40.501 UTC, 2024-09-09 08:47:40.626 UTC, 41
88, 2024-09-09 08:47:40.626 UTC, 0, 36270063616, 274219008, 12582912, 2097152, 0, 0 0 0 0, 0 0 0 0, 0 0 0 0, 0 0 0 0, 2024-09-09 08:47:40.643 UTC, 2024-09-09 08:47:40.672 UTC, 2024-09-09 08:47:40.789 UTC, 41
89, 2024-09-09 08:47:40.789 UTC, 0, 36270063616, 274219008, 12582912, 2097152, 0, 0 0 0 0, 0 0 0 0, 0 0 0 0, 0 0 0 0, 2024-09-09 08:47:40.806 UTC, 2024-09-09 08:47:40.858 UTC, 2024-09-09 08:47:41.005 UTC, 41
90, 2024-09-09 08:47:41.005 UTC, 0, 36270063616, 274219008, 12582912, 2097152, 0, 0 0 0 0, 0 0 0 0, 0 0 0 0, 0 0 0 0, 2024-09-09 08:47:41.037 UTC, 2024-09-09 08:47:41.108 UTC, 2024-09-09 08:47:41.262 UTC, 41
91, 2024-09-09 08:47:41.262 UTC, 0, 36270063616, 274219008, 12582912, 2097152, 0, 0 0 0 0, 0 0 0 0, 0 0 0 0, 0 0 0 0, 2024-09-09 08:47:41.287 UTC, 2024-09-09 08:47:41.344 UTC, 2024-09-09 08:47:41.495 UTC, 41
92, 2024-09-09 08:47:41.495 UTC, 0, 36270063616, 274219008, 12582912, 2097152, 0, 0 0 0 0, 0 0 0 0, 0 0 0 0, 0 0 0 0, 2024-09-09 08:47:41.512 UTC, 2024-09-09 08:47:41.552 UTC, 2024-09-09 08:47:41.671 UTC, 41
93, 2024-09-09 08:47:41.671 UTC, 0, 36270063616, 274219008, 12582912, 2097152, 0, 0 0 0 0, 0 0 0 0, 0 0 0 0, 0 0 0 0, 2024-09-09 08:47:41.691 UTC, 2024-09-09 08:47:41.724 UTC, 2024-09-09 08:47:41.838 UTC, 41
94, 2024-09-09 08:47:41.838 UTC, 0, 36270063616, 274219008, 12582912, 2097152, 0, 0 0 0 0, 0 0 0 0, 0 0 0 0, 0 0 0 0, 2024-09-09 08:47:41.856 UTC, 2024-09-09 08:47:41.909 UTC, 2024-09-09 08:47:42.085 UTC, 41
95, 2024-09-09 08:47:42.085 UTC, 0, 36270063616, 274219008, 12582912, 2097152, 0, 0 0 0 0, 0 0 0 0, 0 0 0 0, 0 0 0 0, 2024-09-09 08:47:42.107 UTC, 2024-09-09 08:47:42.178 UTC, 2024-09-09 08:47:42.353 UTC, 41
96, 2024-09-09 08:47:42.353 UTC, 1, 36270063616, 274219008, 12582912, 2097152, 0, -0.565236 0.813504 0.13682 -0.778834, -0.808991 -0.514193 -0.284849 -1.98561, -0.161374 -0.271692 0.948758 -1.43377, 0 0 0 1, 2024-09-09 08:47:42.377 UTC, 2024-09-09 08:47:42.418 UTC, 2024-09-09 08:47:42.615 UTC, 42
97, 2024-09-09 08:47:42.615 UTC, 0, 36270063616, 274219008, 12582912, 2097152, 0, 0 0 0 0, 0 0 0 0, 0 0 0 0, 0 0 0 0, 2024-09-09 08:47:42.642 UTC, 2024-09-09 08:47:42.693 UTC, 2024-09-09 08:47:42.808 UTC, 42
98, 2024-09-09 08:47:42.808 UTC, 1, 36270063616, 274219008, 12582912, 2097152, 0, -0.996362 0.0674326 0.0521061 -1.06138, -0.0797293 -0.953526 -0.29057 -1.37196, 0.0300906 -0.293667 0.955434 -0.990827, 0 0 0 1, 2024-09-09 08:47:42.827 UTC, 2024-09-09 08:47:42.865 UTC, 2024-09-09 08:47:43.051 UTC, 43
99, 2024-09-09 08:47:43.051 UTC, 0, 36270063616, 274219008, 12582912, 2097152, 0, 0 0 0 0, 0 0 0 0, 0 0 0 0, 0 0 0 0, 2024-09-09 08:47:43.087 UTC, 2024-09-09 08:47:43.134 UTC, 2024-09-09 08:47:43.280 UTC, 43
100, 2024-09-09 08:47:43.280 UTC, 0, 36270063616, 274219008, 12582912, 2097152, 0, 0 0 0 0, 0 0 0 0, 0 0 0 0, 0 0 0 0, 2024-09-09 08:47:43.298 UTC, 2024-09-09 08:47:43.328 UTC, 2024-09-09 08:47:43.432 UTC, 43
101, 2024-09-09 08:47:43.432 UTC, 0, 36270063616, 274219008, 12582912, 2097152, 0, 0 0 0 0, 0 0 0 0, 0 0 0 0, 0 0 0 0, 2024-09-09 08:47:43.457 UTC, 2024-09-09 08:47:43.479 UTC, 2024-09-09 08:47:43.566 UTC, 43
102, 2024-09-09 08:47:43.566 UTC, 0, 36270063616, 275898368, 12582912, 2097152, 0, 0 0 0 0, 0 0 0 0, 0 0 0 0, 0 0 0 0, 2024-09-09 08:47:43.582 UTC, 2024-09-09 08:47:43.611 UTC, 2024-09-09 08:47:43.719 UTC, 43
103, 2024-09-09 08:47:43.719 UTC, 0, 36270063616, 275898368, 12582912, 2097152, 0, 0 0 0 0, 0 0 0 0, 0 0 0 0, 0 0 0 0, 2024-09-09 08:47:43.737 UTC, 2024-09-09 08:47:43.781 UTC, 2024-09-09 08:47:43.879 UTC, 43
104, 2024-09-09 08:47:43.879 UTC, 0, 36270063616, 275898368, 12582912, 2097152, 0, 0 0 0 0, 0 0 0 0, 0 0 0 0, 0 0 0 0, 2024-09-09 08:47:43.902 UTC, 2024-09-09 08:47:43.965 UTC, 2024-09-09 08:47:44.080 UTC, 43
105, 2024-09-09 08:47:44.080 UTC, 0, 36270063616, 275898368, 12582912, 2097152, 0, 0 0 0 0, 0 0 0 0, 0 0 0 0, 0 0 0 0, 2024-09-09 08:47:44.097 UTC, 2024-09-09 08:47:44.132 UTC, 2024-09-09 08:47:44.249 UTC, 43
106, 2024-09-09 08:47:44.249 UTC, 0, 36270063616, 275898368, 12582912, 2097152, 0, 0 0 0 0, 0 0 0 0, 0 0 0 0, 0 0 0 0, 2024-09-09 08:47:44.265 UTC, 2024-09-09 08:47:44.301 UTC, 2024-09-09 08:47:44.436 UTC, 43
107, 2024-09-09 08:47:44.437 UTC, 0, 36270063616, 275898368, 12582912, 2097152, 0, 0 0 0 0, 0 0 0 0, 0 0 0 0, 0 0 0 0, 2024-09-09 08:47:44.462 UTC, 2024-09-09 08:47:44.508 UTC, 2024-09-09 08:47:44.667 UTC, 43
108, 2024-09-09 08:47:44.667 UTC, 0, 36270063616, 275898368, 12582912, 2097152, 0, 0 0 0 0, 0 0 0 0, 0 0 0 0, 0 0 0 0, 2024-09-09 08:47:44.688 UTC, 2024-09-09 08:47:44.732 UTC, 2024-09-09 08:47:45.025 UTC, 43
109, 2024-09-09 08:47:45.025 UTC, 0, 36270063616, 275898368, 12582912, 2097152, 0, 0 0 0 0, 0 0 0 0, 0 0 0 0, 0 0 0 0, 2024-09-09 08:47:45.049 UTC, 2024-09-09 08:47:45.120 UTC, 2024-09-09 08:47:45.437 UTC, 43
110, 2024-09-09 08:47:45.438 UTC, 0, 36270063616, 275898368, 12582912, 2097152, 0, 0 0 0 0, 0 0 0 0, 0 0 0 0, 0 0 0 0, 2024-09-09 08:47:45.459 UTC, 2024-09-09 08:47:45.525 UTC, 2024-09-09 08:47:45.761 UTC, 43
111, 2024-09-09 08:47:45.762 UTC, 1, 36270063616, 275898368, 12582912, 2097152, 0, 0.95984 -0.16031 -0.230234 -1.34687, 0.206586 -0.15137 0.966649 -0.441263, -0.189814 -0.975391 -0.112173 0.772166, 0 0 0 1, 2024-09-09 08:47:45.787 UTC, 2024-09-09 08:47:45.858 UTC, 2024-09-09 08:47:46.163 UTC, 44
112, 2024-09-09 08:47:46.164 UTC, 0, 36270063616, 275898368, 12582912, 2097152, 0, 0 0 0 0, 0 0 0 0, 0 0 0 0, 0 0 0 0, 2024-09-09 08:47:46.192 UTC, 2024-09-09 08:47:46.259 UTC, 2024-09-09 08:47:46.632 UTC, 44
113, 2024-09-09 08:47:46.632 UTC, 0, 36270063616, 275898368, 12582912, 2097152, 0, 0 0 0 0, 0 0 0 0, 0 0 0 0, 0 0 0 0, 2024-09-09 08:47:46.667 UTC, 2024-09-09 08:47:46.735 UTC, 2024-09-09 08:47:47.104 UTC, 44
114, 2024-09-09 08:47:47.105 UTC, 0, 36270063616, 275898368, 12582912, 2097152, 0, 0 0 0 0, 0 0 0 0, 0 0 0 0, 0 0 0 0, 2024-09-09 08:47:47.133 UTC, 2024-09-09 08:47:47.211 UTC, 2024-09-09 08:47:47.606 UTC, 44
115, 2024-09-09 08:47:47.607 UTC, 0, 36270063616, 275898368, 12582912, 2097152, 0, 0 0 0 0, 0 0 0 0, 0 0 0 0, 0 0 0 0, 2024-09-09 08:47:47.634 UTC, 2024-09-09 08:47:47.709 UTC, 2024-09-09 08:47:48.082 UTC, 44
116, 2024-09-09 08:47:48.082 UTC, 1, 36270063616, 275898368, 12582912, 2097152, 0, 0.736196 -0.183362 0.651456 -1.77166, -0.669681 -0.0584219 0.740348 -0.636252, -0.0976917 -0.981308 -0.165804 0.924863, 0 0 0 1, 2024-09-09 08:47:48.114 UTC, 2024-09-09 08:47:48.206 UTC, 2024-09-09 08:47:48.635 UTC, 45
117, 2024-09-09 08:47:48.635 UTC, 0, 36270063616, 275898368, 12582912, 2097152, 0, 0 0 0 0, 0 0 0 0, 0 0 0 0, 0 0 0 0, 2024-09-09 08:47:48.669 UTC, 2024-09-09 08:47:48.742 UTC, 2024-09-09 08:47:49.107 UTC, 45
118, 2024-09-09 08:47:49.108 UTC, 0, 36270063616, 275898368, 12582912, 2097152, 0, 0 0 0 0, 0 0 0 0, 0 0 0 0, 0 0 0 0, 2024-09-09 08:47:49.125 UTC, 2024-09-09 08:47:49.193 UTC, 2024-09-09 08:47:49.588 UTC, 45
119, 2024-09-09 08:47:49.588 UTC, 0, 36270063616, 275898368, 12582912, 2097152, 0, 0 0 0 0, 0 0 0 0, 0 0 0 0, 0 0 0 0, 2024-09-09 08:47:49.614 UTC, 2024-09-09 08:47:49.708 UTC, 2024-09-09 08:47:50.104 UTC, 45
120, 2024-09-09 08:47:50.104 UTC, 0, 36270063616, 275898368, 12582912, 2097152, 0, 0 0 0 0, 0 0 0 0, 0 0 0 0, 0 0 0 0, 2024-09-09 08:47:50.135 UTC, 2024-09-09 08:47:50.225 UTC, 2024-09-09 08:47:50.644 UTC, 45
121, 2024-09-09 08:47:50.644 UTC, 0, 36270063616, 275898368, 12582912, 2097152, 0, 0 0 0 0, 0 0 0 0, 0 0 0 0, 0 0 0 0, 2024-09-09 08:47:50.665 UTC, 2024-09-09 08:47:50.739 UTC, 2024-09-09 08:47:51.118 UTC, 45
122, 2024-09-09 08:47:51.118 UTC, 0, 36270063616, 275898368, 12582912, 2097152, 0, 0 0 0 0, 0 0 0 0, 0 0 0 0, 0 0 0 0, 2024-09-09 08:47:51.142 UTC, 2024-09-09 08:47:51.240 UTC, 2024-09-09 08:47:51.682 UTC, 45
123, 2024-09-09 08:47:51.682 UTC, 0, 36270063616, 275898368, 12582912, 2097152, 0, 0 0 0 0, 0 0 0 0, 0 0 0 0, 0 0 0 0, 2024-09-09 08:47:51.706 UTC, 2024-09-09 08:47:51.804 UTC, 2024-09-09 08:47:52.275 UTC, 45
124, 2024-09-09 08:47:52.275 UTC, 0, 36270063616, 275898368, 12582912, 2097152, 0, 0 0 0 0, 0 0 0 0, 0 0 0 0, 0 0 0 0, 2024-09-09 08:47:52.321 UTC, 2024-09-09 08:47:52.401 UTC, 2024-09-09 08:47:52.827 UTC, 45
125, 2024-09-09 08:47:52.827 UTC, 0, 36270063616, 275898368, 12582912, 2097152, 0, 0 0 0 0, 0 0 0 0, 0 0 0 0, 0 0 0 0, 2024-09-09 08:47:52.859 UTC, 2024-09-09 08:47:52.930 UTC, 2024-09-09 08:47:53.301 UTC, 45
126, 2024-09-09 08:47:53.301 UTC, 0, 36270063616, 275898368, 12582912, 2097152, 0, 0 0 0 0, 0 0 0 0, 0 0 0 0, 0 0 0 0, 2024-09-09 08:47:53.323 UTC, 2024-09-09 08:47:53.395 UTC, 2024-09-09 08:47:53.748 UTC, 45
127, 2024-09-09 08:47:53.748 UTC, 0, 36270063616, 275898368, 12582912, 2097152, 0, 0 0 0 0, 0 0 0 0, 0 0 0 0, 0 0 0 0, 2024-09-09 08:47:53.777 UTC, 2024-09-09 08:47:53.840 UTC, 2024-09-09 08:47:54.172 UTC, 45
128, 2024-09-09 08:47:54.172 UTC, 0, 36270063616, 275898368, 12582912, 2097152, 0, 0 0 0 0, 0 0 0 0, 0 0 0 0, 0 0 0 0, 2024-09-09 08:47:54.194 UTC, 2024-09-09 08:47:54.262 UTC, 2024-09-09 08:47:54.598 UTC, 45
129, 2024-09-09 08:47:54.598 UTC, 0, 36270063616, 275898368, 12582912, 2097152, 0, 0 0 0 0, 0 0 0 0, 0 0 0 0, 0 0 0 0, 2024-09-09 08:47:54.633 UTC, 2024-09-09 08:47:54.707 UTC, 2024-09-09 08:47:55.134 UTC, 45
130, 2024-09-09 08:47:55.134 UTC, 1, 36270063616, 275898368, 12582912, 2097152, 0, 0.960595 -0.084281 -0.264865 0.402815, 0.255556 -0.106935 0.960862 0.172991, -0.109306 -0.990687 -0.0811824 0.372883, 0 0 0 1, 2024-09-09 08:47:55.157 UTC, 2024-09-09 08:47:55.226 UTC, 2024-09-09 08:47:55.801 UTC, 46
131, 2024-09-09 08:47:55.802 UTC, 1, 36270063616, 275898368, 12582912, 2097152, 0, 0.931366 -0.114531 -0.345601 0.560827, 0.318982 -0.200933 0.926217 0.454277, -0.175523 -0.972887 -0.150609 0.37086, 0 0 0 1, 2024-09-09 08:47:55.851 UTC, 2024-09-09 08:47:55.995 UTC, 2024-09-09 08:47:56.638 UTC, 47
132, 2024-09-09 08:47:56.640 UTC, 1, 36270063616, 275898368, 12582912, 2097152, 0, 0.772277 -0.0414056 -0.633935 0.351537, 0.620136 -0.167486 0.766407 0.663125, -0.137908 -0.985005 -0.103668 0.511065, 0 0 0 1, 2024-09-09 08:47:56.665 UTC, 2024-09-09 08:47:56.738 UTC, 2024-09-09 08:47:57.004 UTC, 48
133, 2024-09-09 08:47:57.005 UTC, 1, 36270063616, 275898368, 12582912, 2097152, 0, 0.704142 0.0247304 -0.709628 0.162204, 0.69906 -0.199373 0.686707 0.777257, -0.124498 -0.979612 -0.157675 0.64564, 0 0 0 1, 2024-09-09 08:47:57.040 UTC, 2024-09-09 08:47:57.126 UTC, 2024-09-09 08:47:57.380 UTC, 49
134, 2024-09-09 08:47:57.380 UTC, 1, 36270063616, 275898368, 12582912, 2097152, 0, 0.688446 0.033588 -0.724509 0.169465, 0.718381 -0.169104 0.674783 0.914649, -0.0998527 -0.985026 -0.140548 0.661055, 0 0 0 1, 2024-09-09 08:47:57.421 UTC, 2024-09-09 08:47:57.497 UTC, 2024-09-09 08:47:57.736 UTC, 50
135, 2024-09-09 08:47:57.736 UTC, 1, 36270063616, 275898368, 12582912, 2097152, 0, 0.587345 -0.000697029 -0.809336 0.270907, 0.798911 -0.159497 0.579916 1.0379, -0.12949 -0.987198 -0.0931223 0.46178, 0 0 0 1, 2024-09-09 08:47:57.758 UTC, 2024-09-09 08:47:57.828 UTC, 2024-09-09 08:47:58.069 UTC, 51
136, 2024-09-09 08:47:58.069 UTC, 0, 36270063616, 275898368, 12582912, 2097152, 0, 0 0 0 0, 0 0 0 0, 0 0 0 0, 0 0 0 0, 2024-09-09 08:47:58.092 UTC, 2024-09-09 08:47:58.153 UTC, 2024-09-09 08:47:58.344 UTC, 51
137, 2024-09-09 08:47:58.345 UTC, 0, 36270063616, 275898368, 12582912, 2097152, 0, 0 0 0 0, 0 0 0 0, 0 0 0 0, 0 0 0 0, 2024-09-09 08:47:58.369 UTC, 2024-09-09 08:47:58.411 UTC, 2024-09-09 08:47:58.645 UTC, 51
138, 2024-09-09 08:47:58.645 UTC, 0, 36270063616, 275898368, 12582912, 2097152, 0, 0 0 0 0, 0 0 0 0, 0 0 0 0, 0 0 0 0, 2024-09-09 08:47:58.663 UTC, 2024-09-09 08:47:58.730 UTC, 2024-09-09 08:47:58.893 UTC, 51
139, 2024-09-09 08:47:58.894 UTC, 0, 36270063616, 275898368, 12582912, 2097152, 0, 0 0 0 0, 0 0 0 0, 0 0 0 0, 0 0 0 0, 2024-09-09 08:47:58.918 UTC, 2024-09-09 08:47:58.997 UTC, 2024-09-09 08:47:59.153 UTC, 51
140, 2024-09-09 08:47:59.153 UTC, 0, 36270063616, 275898368, 12582912, 2097152, 0, 0 0 0 0, 0 0 0 0, 0 0 0 0, 0 0 0 0, 2024-09-09 08:47:59.178 UTC, 2024-09-09 08:47:59.245 UTC, 2024-09-09 08:47:59.446 UTC, 51
141, 2024-09-09 08:47:59.446 UTC, 0, 36270063616, 275898368, 12582912, 2097152, 0, 0 0 0 0, 0 0 0 0, 0 0 0 0, 0 0 0 0, 2024-09-09 08:47:59.469 UTC, 2024-09-09 08:47:59.522 UTC, 2024-09-09 08:47:59.685 UTC, 51
142, 2024-09-09 08:47:59.685 UTC, 0, 36270063616, 275898368, 12582912, 2097152, 0, 0 0 0 0, 0 0 0 0, 0 0 0 0, 0 0 0 0, 2024-09-09 08:47:59.713 UTC, 2024-09-09 08:47:59.757 UTC, 2024-09-09 08:47:59.932 UTC, 51
143, 2024-09-09 08:47:59.933 UTC, 0, 36270063616, 275898368, 12582912, 2097152, 0, 0 0 0 0, 0 0 0 0, 0 0 0 0, 0 0 0 0, 2024-09-09 08:47:59.950 UTC, 2024-09-09 08:48:00.003 UTC, 2024-09-09 08:48:00.234 UTC, 51
144, 2024-09-09 08:48:00.234 UTC, 0, 36270063616, 275898368, 12582912, 2097152, 0, 0 0 0 0, 0 0 0 0, 0 0 0 0, 0 0 0 0, 2024-09-09 08:48:00.258 UTC, 2024-09-09 08:48:00.344 UTC, 2024-09-09 08:48:00.632 UTC, 51
145, 2024-09-09 08:48:00.632 UTC, 0, 36270063616, 275898368, 12582912, 2097152, 0, 0 0 0 0, 0 0 0 0, 0 0 0 0, 0 0 0 0, 2024-09-09 08:48:00.652 UTC, 2024-09-09 08:48:00.708 UTC, 2024-09-09 08:48:00.985 UTC, 51
146, 2024-09-09 08:48:00.985 UTC, 0, 36270063616, 275898368, 12582912, 2097152, 0, 0 0 0 0, 0 0 0 0, 0 0 0 0, 0 0 0 0, 2024-09-09 08:48:01.002 UTC, 2024-09-09 08:48:01.066 UTC, 2024-09-09 08:48:01.433 UTC, 51
147, 2024-09-09 08:48:01.433 UTC, 0, 36270063616, 275898368, 12582912, 2097152, 0, 0 0 0 0, 0 0 0 0, 0 0 0 0, 0 0 0 0, 2024-09-09 08:48:01.451 UTC, 2024-09-09 08:48:01.525 UTC, 2024-09-09 08:48:01.805 UTC, 51
148, 2024-09-09 08:48:01.805 UTC, 0, 36270063616, 275898368, 12582912, 2097152, 0, 0 0 0 0, 0 0 0 0, 0 0 0 0, 0 0 0 0, 2024-09-09 08:48:01.826 UTC, 2024-09-09 08:48:01.902 UTC, 2024-09-09 08:48:02.213 UTC, 51
149, 2024-09-09 08:48:02.213 UTC, 0, 36270063616, 275898368, 12582912, 2097152, 0, 0 0 0 0, 0 0 0 0, 0 0 0 0, 0 0 0 0, 2024-09-09 08:48:02.246 UTC, 2024-09-09 08:48:02.302 UTC, 2024-09-09 08:48:02.628 UTC, 51
150, 2024-09-09 08:48:02.628 UTC, 0, 36270063616, 275898368, 12582912, 2097152, 0, 0 0 0 0, 0 0 0 0, 0 0 0 0, 0 0 0 0, 2024-09-09 08:48:02.650 UTC, 2024-09-09 08:48:02.713 UTC, 2024-09-09 08:48:03.030 UTC, 51
151, 2024-09-09 08:48:03.030 UTC, 1, 36270063616, 275898368, 12582912, 2097152, 0, -0.932495 0.0510912 0.357552 -1.16582, -0.331067 0.27484 -0.902695 -0.414034, -0.14439 -0.960131 -0.239374 0.93966, 0 0 0 1, 2024-09-09 08:48:03.066 UTC, 2024-09-09 08:48:03.138 UTC, 2024-09-09 08:48:03.573 UTC, 52
152, 2024-09-09 08:48:03.573 UTC, 1, 36270063616, 275898368, 12582912, 2097152, 0, -0.793248 -0.0453677 0.607207 -0.883515, -0.604787 0.174402 -0.777056 -0.238511, -0.0706446 -0.983629 -0.165781 0.599851, 0 0 0 1, 2024-09-09 08:48:03.612 UTC, 2024-09-09 08:48:03.729 UTC, 2024-09-09 08:48:04.073 UTC, 53
153, 2024-09-09 08:48:04.074 UTC, 0, 36270063616, 275898368, 12582912, 2097152, 0, 0 0 0 0, 0 0 0 0, 0 0 0 0, 0 0 0 0, 2024-09-09 08:48:04.099 UTC, 2024-09-09 08:48:04.193 UTC, 2024-09-09 08:48:04.523 UTC, 53
154, 2024-09-09 08:48:04.523 UTC, 0, 36270063616, 275898368, 12582912, 2097152, 0, 0 0 0 0, 0 0 0 0, 0 0 0 0, 0 0 0 0, 2024-09-09 08:48:04.548 UTC, 2024-09-09 08:48:04.631 UTC, 2024-09-09 08:48:04.955 UTC, 53
155, 2024-09-09 08:48:04.955 UTC, 0, 36270063616, 275898368, 12582912, 2097152, 0, 0 0 0 0, 0 0 0 0, 0 0 0 0, 0 0 0 0, 2024-09-09 08:48:04.978 UTC, 2024-09-09 08:48:05.039 UTC, 2024-09-09 08:48:05.303 UTC, 53
156, 2024-09-09 08:48:05.303 UTC, 0, 36270063616, 275898368, 12582912, 2097152, 0, 0 0 0 0, 0 0 0 0, 0 0 0 0, 0 0 0 0, 2024-09-09 08:48:05.341 UTC, 2024-09-09 08:48:05.423 UTC, 2024-09-09 08:48:05.770 UTC, 53
157, 2024-09-09 08:48:05.771 UTC, 0, 36270063616, 275898368, 12582912, 2097152, 0, 0 0 0 0, 0 0 0 0, 0 0 0 0, 0 0 0 0, 2024-09-09 08:48:05.794 UTC, 2024-09-09 08:48:05.863 UTC, 2024-09-09 08:48:06.120 UTC, 53
158, 2024-09-09 08:48:06.120 UTC, 0, 36270063616, 275898368, 12582912, 2097152, 0, 0 0 0 0, 0 0 0 0, 0 0 0 0, 0 0 0 0, 2024-09-09 08:48:06.142 UTC, 2024-09-09 08:48:06.211 UTC, 2024-09-09 08:48:06.481 UTC, 53
159, 2024-09-09 08:48:06.481 UTC, 0, 36270063616, 275898368, 12582912, 2097152, 0, 0 0 0 0, 0 0 0 0, 0 0 0 0, 0 0 0 0, 2024-09-09 08:48:06.521 UTC, 2024-09-09 08:48:06.585 UTC, 2024-09-09 08:48:06.872 UTC, 53
160, 2024-09-09 08:48:06.872 UTC, 0, 36270063616, 275898368, 12582912, 2097152, 0, 0 0 0 0, 0 0 0 0, 0 0 0 0, 0 0 0 0, 2024-09-09 08:48:06.897 UTC, 2024-09-09 08:48:06.960 UTC, 2024-09-09 08:48:07.198 UTC, 53
161, 2024-09-09 08:48:07.198 UTC, 0, 36270063616, 275898368, 12582912, 2097152, 0, 0 0 0 0, 0 0 0 0, 0 0 0 0, 0 0 0 0, 2024-09-09 08:48:07.220 UTC, 2024-09-09 08:48:07.303 UTC, 2024-09-09 08:48:07.619 UTC, 53
162, 2024-09-09 08:48:07.619 UTC, 1, 36270063616, 275898368, 12582912, 2097152, 0, -0.749263 -0.124233 0.650516 -1.31327, -0.662017 0.113224 -0.740888 -0.612349, 0.0183887 -0.985772 -0.16708 0.752821, 0 0 0 1, 2024-09-09 08:48:07.648 UTC, 2024-09-09 08:48:07.720 UTC, 2024-09-09 08:48:08.051 UTC, 54
163, 2024-09-09 08:48:08.051 UTC, 1, 36270063616, 275898368, 12582912, 2097152, 0, -0.70257 -0.221621 0.676225 -1.26122, -0.711564 0.230145 -0.66386 -0.870603, -0.00850444 -0.947586 -0.319391 1.28487, 0 0 0 1, 2024-09-09 08:48:08.082 UTC, 2024-09-09 08:48:08.179 UTC, 2024-09-09 08:48:08.515 UTC, 55
164, 2024-09-09 08:48:08.515 UTC, 0, 36270063616, 275898368, 12582912, 2097152, 0, 0 0 0 0, 0 0 0 0, 0 0 0 0, 0 0 0 0, 2024-09-09 08:48:08.540 UTC, 2024-09-09 08:48:08.621 UTC, 2024-09-09 08:48:08.998 UTC, 55
165, 2024-09-09 08:48:08.998 UTC, 0, 36270063616, 275898368, 12582912, 2097152, 0, 0 0 0 0, 0 0 0 0, 0 0 0 0, 0 0 0 0, 2024-09-09 08:48:09.017 UTC, 2024-09-09 08:48:09.086 UTC, 2024-09-09 08:48:09.340 UTC, 55
166, 2024-09-09 08:48:09.340 UTC, 0, 36270063616, 276164608, 12582912, 2097152, 0, 0 0 0 0, 0 0 0 0, 0 0 0 0, 0 0 0 0, 2024-09-09 08:48:09.357 UTC, 2024-09-09 08:48:09.420 UTC, 2024-09-09 08:48:09.804 UTC, 55
