id, timestamp, converged, ram_VmSize, ram_VmRSS, gpu_total, gpu_fest, gpu_pose_est, tf_row1, tf_row2, tf_row3, tf_row4, timestamp_post_capture, timestamp_post_fest, timestamp_post_pose_est, successful_count
1, 2024-09-09 09:06:47.208 UTC, 1, 37268647936, 251961344, 14680064, 2097152, 2097152, 0.944395 0.0421288 0.326104 1.13791, -0.32535 -0.0238566 0.945293 -1.90258, 0.0476039 -0.998827 -0.00882352 0.9054, 0 0 0 1, 2024-09-09 09:06:47.239 UTC, 2024-09-09 09:06:47.624 UTC, 2024-09-09 09:06:47.998 UTC, 1
2, 2024-09-09 09:06:47.998 UTC, 0, 37268647936, 253308928, 12582912, 2097152, 0, 0 0 0 0, 0 0 0 0, 0 0 0 0, 0 0 0 0, 2024-09-09 09:06:48.021 UTC, 2024-09-09 09:06:48.397 UTC, 2024-09-09 09:06:48.753 UTC, 1
3, 2024-09-09 09:06:48.753 UTC, 0, 37268647936, 253812736, 14680064, 2097152, 2097152, 0 0 0 0, 0 0 0 0, 0 0 0 0, 0 0 0 0, 2024-09-09 09:06:48.778 UTC, 2024-09-09 09:06:49.128 UTC, 2024-09-09 09:06:49.593 UTC, 1
4, 2024-09-09 09:06:49.593 UTC, 0, 37269868544, 254889984, 14680064, 2097152, 2097152, 0 0 0 0, 0 0 0 0, 0 0 0 0, 0 0 0 0, 2024-09-09 09:06:49.624 UTC, 2024-09-09 09:06:50.020 UTC, 2024-09-09 09:06:50.426 UTC, 1
5, 2024-09-09 09:06:50.426 UTC, 0, 37269868544, 255995904, 12582912, 2097152, 0, 0 0 0 0, 0 0 0 0, 0 0 0 0, 0 0 0 0, 2024-09-09 09:06:50.455 UTC, 2024-09-09 09:06:50.869 UTC, 2024-09-09 09:06:51.265 UTC, 1
6, 2024-09-09 09:06:51.266 UTC, 0, 37269868544, 256266240, 14680064, 2097152, 2097152, 0 0 0 0, 0 0 0 0, 0 0 0 0, 0 0 0 0, 2024-09-09 09:06:51.300 UTC, 2024-09-09 09:06:51.670 UTC, 2024-09-09 09:06:52.149 UTC, 1
7, 2024-09-09 09:06:52.149 UTC, 0, 37269868544, 256536576, 14680064, 2097152, 2097152, 0 0 0 0, 0 0 0 0, 0 0 0 0, 0 0 0 0, 2024-09-09 09:06:52.188 UTC, 2024-09-09 09:06:52.675 UTC, 2024-09-09 09:06:53.078 UTC, 1
8, 2024-09-09 09:06:53.078 UTC, 0, 37269868544, 256536576, 12582912, 2097152, 0, 0 0 0 0, 0 0 0 0, 0 0 0 0, 0 0 0 0, 2024-09-09 09:06:53.100 UTC, 2024-09-09 09:06:53.452 UTC, 2024-09-09 09:06:53.816 UTC, 1
9, 2024-09-09 09:06:53.817 UTC, 0, 37269868544, 256806912, 12582912, 2097152, 0, 0 0 0 0, 0 0 0 0, 0 0 0 0, 0 0 0 0, 2024-09-09 09:06:53.842 UTC, 2024-09-09 09:06:54.215 UTC, 2024-09-09 09:06:54.565 UTC, 1
10, 2024-09-09 09:06:54.565 UTC, 0, 37269868544, 256806912, 12582912, 2097152, 0, 0 0 0 0, 0 0 0 0, 0 0 0 0, 0 0 0 0, 2024-09-09 09:06:54.594 UTC, 2024-09-09 09:06:54.927 UTC, 2024-09-09 09:06:55.246 UTC, 1
11, 2024-09-09 09:06:55.246 UTC, 1, 37269868544, 257077248, 12582912, 2097152, 0, 0.949768 -0.072157 -0.304525 0.745782, 0.305026 -0.00423617 0.952335 0.419825, -0.0700075 -0.997384 0.0179861 0.208375, 0 0 0 1, 2024-09-09 09:06:55.276 UTC, 2024-09-09 09:06:55.588 UTC, 2024-09-09 09:06:55.896 UTC, 2
12, 2024-09-09 09:06:55.896 UTC, 1, 37269868544, 257617920, 12582912, 2097152, 0, 0.626058 -0.110175 -0.771954 0.127163, 0.771991 -0.0519735 0.633506 0.304831, -0.109918 -0.992552 0.052516 0.513026, 0 0 0 1, 2024-09-09 09:06:55.923 UTC, 2024-09-09 09:06:56.179 UTC, 2024-09-09 09:06:56.458 UTC, 3
13, 2024-09-09 09:06:56.458 UTC, 0, 37269868544, 258699264, 12582912, 2097152, 0, 0 0 0 0, 0 0 0 0, 0 0 0 0, 0 0 0 0, 2024-09-09 09:06:56.488 UTC, 2024-09-09 09:06:56.676 UTC, 2024-09-09 09:06:56.854 UTC, 3
14, 2024-09-09 09:06:56.854 UTC, 0, 37269868544, 259510272, 12582912, 2097152, 0, 0 0 0 0, 0 0 0 0, 0 0 0 0, 0 0 0 0, 2024-09-09 09:06:56.879 UTC, 2024-09-09 09:06:56.995 UTC, 2024-09-09 09:06:57.148 UTC, 3
15, 2024-09-09 09:06:57.148 UTC, 0, 37269868544, 260591616, 12582912, 2097152, 0, 0 0 0 0, 0 0 0 0, 0 0 0 0, 0 0 0 0, 2024-09-09 09:06:57.165 UTC, 2024-09-09 09:06:57.312 UTC, 2024-09-09 09:06:57.454 UTC, 3
16, 2024-09-09 09:06:57.455 UTC, 0, 37269868544, 262213632, 12582912, 2097152, 0, 0 0 0 0, 0 0 0 0, 0 0 0 0, 0 0 0 0, 2024-09-09 09:06:57.478 UTC, 2024-09-09 09:06:57.623 UTC, 2024-09-09 09:06:57.761 UTC, 3
17, 2024-09-09 09:06:57.761 UTC, 0, 37269868544, 262213632, 12582912, 2097152, 0, 0 0 0 0, 0 0 0 0, 0 0 0 0, 0 0 0 0, 2024-09-09 09:06:57.785 UTC, 2024-09-09 09:06:57.920 UTC, 2024-09-09 09:06:58.102 UTC, 3
18, 2024-09-09 09:06:58.102 UTC, 0, 37269868544, 264105984, 12582912, 2097152, 0, 0 0 0 0, 0 0 0 0, 0 0 0 0, 0 0 0 0, 2024-09-09 09:06:58.119 UTC, 2024-09-09 09:06:58.276 UTC, 2024-09-09 09:06:58.429 UTC, 3
19, 2024-09-09 09:06:58.429 UTC, 0, 37269868544, 264105984, 12582912, 2097152, 0, 0 0 0 0, 0 0 0 0, 0 0 0 0, 0 0 0 0, 2024-09-09 09:06:58.461 UTC, 2024-09-09 09:06:58.612 UTC, 2024-09-09 09:06:58.771 UTC, 3
20, 2024-09-09 09:06:58.772 UTC, 0, 37269868544, 265457664, 12582912, 2097152, 0, 0 0 0 0, 0 0 0 0, 0 0 0 0, 0 0 0 0, 2024-09-09 09:06:58.788 UTC, 2024-09-09 09:06:58.912 UTC, 2024-09-09 09:06:59.048 UTC, 3
21, 2024-09-09 09:06:59.048 UTC, 0, 37269868544, 265457664, 12582912, 2097152, 0, 0 0 0 0, 0 0 0 0, 0 0 0 0, 0 0 0 0, 2024-09-09 09:06:59.065 UTC, 2024-09-09 09:06:59.188 UTC, 2024-09-09 09:06:59.374 UTC, 3
22, 2024-09-09 09:06:59.374 UTC, 0, 37269868544, 266563584, 12582912, 2097152, 0, 0 0 0 0, 0 0 0 0, 0 0 0 0, 0 0 0 0, 2024-09-09 09:06:59.391 UTC, 2024-09-09 09:06:59.493 UTC, 2024-09-09 09:06:59.662 UTC, 3
23, 2024-09-09 09:06:59.662 UTC, 0, 37269868544, 266563584, 12582912, 2097152, 0, 0 0 0 0, 0 0 0 0, 0 0 0 0, 0 0 0 0, 2024-09-09 09:06:59.690 UTC, 2024-09-09 09:06:59.831 UTC, 2024-09-09 09:07:00.030 UTC, 3
24, 2024-09-09 09:07:00.030 UTC, 0, 37269868544, 267067392, 12582912, 2097152, 0, 0 0 0 0, 0 0 0 0, 0 0 0 0, 0 0 0 0, 2024-09-09 09:07:00.062 UTC, 2024-09-09 09:07:00.352 UTC, 2024-09-09 09:07:00.706 UTC, 3
25, 2024-09-09 09:07:00.706 UTC, 0, 37269868544, 267067392, 12582912, 2097152, 0, 0 0 0 0, 0 0 0 0, 0 0 0 0, 0 0 0 0, 2024-09-09 09:07:00.730 UTC, 2024-09-09 09:07:01.075 UTC, 2024-09-09 09:07:01.430 UTC, 3
26, 2024-09-09 09:07:01.430 UTC, 1, 37269868544, 267337728, 12582912, 2097152, 0, 0.851789 -0.0573655 0.520735 -0.948151, -0.518958 0.0436089 0.853687 0.0785606, -0.071681 -0.9974 0.00737522 0.348263, 0 0 0 1, 2024-09-09 09:07:01.454 UTC, 2024-09-09 09:07:01.805 UTC, 2024-09-09 09:07:02.164 UTC, 4
27, 2024-09-09 09:07:02.164 UTC, 0, 37269868544, 267337728, 12582912, 2097152, 0, 0 0 0 0, 0 0 0 0, 0 0 0 0, 0 0 0 0, 2024-09-09 09:07:02.206 UTC, 2024-09-09 09:07:02.643 UTC, 2024-09-09 09:07:03.065 UTC, 4
28, 2024-09-09 09:07:03.065 UTC, 0, 37269868544, 267337728, 12582912, 2097152, 0, 0 0 0 0, 0 0 0 0, 0 0 0 0, 0 0 0 0, 2024-09-09 09:07:03.095 UTC, 2024-09-09 09:07:03.453 UTC, 2024-09-09 09:07:03.843 UTC, 4
29, 2024-09-09 09:07:03.843 UTC, 1, 37269868544, 267337728, 12582912, 2097152, 0, 0.905078 0.126362 0.406037 -0.330632, -0.424621 0.216826 0.879024 -0.449229, 0.0230358 -0.967997 0.249901 0.204721, 0 0 0 1, 2024-09-09 09:07:03.865 UTC, 2024-09-09 09:07:04.194 UTC, 2024-09-09 09:07:04.525 UTC, 5
30, 2024-09-09 09:07:04.525 UTC, 0, 37269868544, 267337728, 12582912, 2097152, 0, 0 0 0 0, 0 0 0 0, 0 0 0 0, 0 0 0 0, 2024-09-09 09:07:04.551 UTC, 2024-09-09 09:07:04.907 UTC, 2024-09-09 09:07:05.269 UTC, 5
31, 2024-09-09 09:07:05.269 UTC, 0, 37269868544, 267337728, 12582912, 2097152, 0, 0 0 0 0, 0 0 0 0, 0 0 0 0, 0 0 0 0, 2024-09-09 09:07:05.292 UTC, 2024-09-09 09:07:05.659 UTC, 2024-09-09 09:07:06.042 UTC, 5
32, 2024-09-09 09:07:06.042 UTC, 0, 37269868544, 267608064, 12582912, 2097152, 0, 0 0 0 0, 0 0 0 0, 0 0 0 0, 0 0 0 0, 2024-09-09 09:07:06.080 UTC, 2024-09-09 09:07:06.488 UTC, 2024-09-09 09:07:06.879 UTC, 5
33, 2024-09-09 09:07:06.879 UTC, 0, 37269868544, 267608064, 12582912, 2097152, 0, 0 0 0 0, 0 0 0 0, 0 0 0 0, 0 0 0 0, 2024-09-09 09:07:06.914 UTC, 2024-09-09 09:07:07.194 UTC, 2024-09-09 09:07:07.503 UTC, 5
34, 2024-09-09 09:07:07.503 UTC, 0, 37269868544, 267608064, 12582912, 2097152, 0, 0 0 0 0, 0 0 0 0, 0 0 0 0, 0 0 0 0, 2024-09-09 09:07:07.532 UTC, 2024-09-09 09:07:07.837 UTC, 2024-09-09 09:07:08.167 UTC, 5
35, 2024-09-09 09:07:08.167 UTC, 0, 37269868544, 267878400, 12582912, 2097152, 0, 0 0 0 0, 0 0 0 0, 0 0 0 0, 0 0 0 0, 2024-09-09 09:07:08.194 UTC, 2024-09-09 09:07:08.526 UTC, 2024-09-09 09:07:08.877 UTC, 5
36, 2024-09-09 09:07:08.877 UTC, 0, 37269868544, 267878400, 12582912, 2097152, 0, 0 0 0 0, 0 0 0 0, 0 0 0 0, 0 0 0 0, 2024-09-09 09:07:08.922 UTC, 2024-09-09 09:07:09.206 UTC, 2024-09-09 09:07:09.521 UTC, 5
37, 2024-09-09 09:07:09.521 UTC, 0, 37269868544, 267878400, 12582912, 2097152, 0, 0 0 0 0, 0 0 0 0, 0 0 0 0, 0 0 0 0, 2024-09-09 09:07:09.546 UTC, 2024-09-09 09:07:09.882 UTC, 2024-09-09 09:07:10.203 UTC, 5
38, 2024-09-09 09:07:10.203 UTC, 0, 37269868544, 267878400, 12582912, 2097152, 0, 0 0 0 0, 0 0 0 0, 0 0 0 0, 0 0 0 0, 2024-09-09 09:07:10.235 UTC, 2024-09-09 09:07:10.590 UTC, 2024-09-09 09:07:10.935 UTC, 5
39, 2024-09-09 09:07:10.935 UTC, 1, 37269868544, 267878400, 12582912, 2097152, 0, 0.943129 -0.105521 -0.315235 0.52477, 0.295217 -0.170079 0.94017 0.118892, -0.152823 -0.979765 -0.129255 0.330183, 0 0 0 1, 2024-09-09 09:07:10.957 UTC, 2024-09-09 09:07:11.274 UTC, 2024-09-09 09:07:11.536 UTC, 6
40, 2024-09-09 09:07:11.536 UTC, 1, 37269868544, 267878400, 12582912, 2097152, 0, 0.820621 -0.161546 -0.548165 0.646428, 0.559983 0.0359322 0.827724 0.167794, -0.114019 -0.986211 0.11995 0.564698, 0 0 0 1, 2024-09-09 09:07:11.566 UTC, 2024-09-09 09:07:11.860 UTC, 2024-09-09 09:07:12.169 UTC, 7
41, 2024-09-09 09:07:12.170 UTC, 1, 37269868544, 268148736, 12582912, 2097152, 0, 0.843811 -0.0605309 -0.533215 0.791354, 0.536624 0.0875105 0.839271 0.398965, -0.00414008 -0.994323 0.106324 0.349793, 0 0 0 1, 2024-09-09 09:07:12.203 UTC, 2024-09-09 09:07:12.537 UTC, 2024-09-09 09:07:12.927 UTC, 8
42, 2024-09-09 09:07:12.927 UTC, 1, 37269868544, 268148736, 12582912, 2097152, 0, 0.790692 -0.0118552 -0.612099 0.480167, 0.611178 0.0734216 0.78808 0.465502, 0.0355984 -0.997231 0.0652996 0.390512, 0 0 0 1, 2024-09-09 09:07:12.964 UTC, 2024-09-09 09:07:13.246 UTC, 2024-09-09 09:07:13.582 UTC, 9
43, 2024-09-09 09:07:13.582 UTC, 0, 37269868544, 268148736, 12582912, 2097152, 0, 0 0 0 0, 0 0 0 0, 0 0 0 0, 0 0 0 0, 2024-09-09 09:07:13.612 UTC, 2024-09-09 09:07:13.775 UTC, 2024-09-09 09:07:13.974 UTC, 9
44, 2024-09-09 09:07:13.974 UTC, 0, 37269868544, 268148736, 12582912, 2097152, 0, 0 0 0 0, 0 0 0 0, 0 0 0 0, 0 0 0 0, 2024-09-09 09:07:14.000 UTC, 2024-09-09 09:07:14.162 UTC, 2024-09-09 09:07:14.314 UTC, 9
45, 2024-09-09 09:07:14.314 UTC, 0, 37269868544, 268959744, 12582912, 2097152, 0, 0 0 0 0, 0 0 0 0, 0 0 0 0, 0 0 0 0, 2024-09-09 09:07:14.348 UTC, 2024-09-09 09:07:14.505 UTC, 2024-09-09 09:07:14.710 UTC, 9
46, 2024-09-09 09:07:14.711 UTC, 0, 37269868544, 270311424, 12582912, 2097152, 0, 0 0 0 0, 0 0 0 0, 0 0 0 0, 0 0 0 0, 2024-09-09 09:07:14.751 UTC, 2024-09-09 09:07:14.885 UTC, 2024-09-09 09:07:15.144 UTC, 9
47, 2024-09-09 09:07:15.144 UTC, 0, 37269868544, 270311424, 12582912, 2097152, 0, 0 0 0 0, 0 0 0 0, 0 0 0 0, 0 0 0 0, 2024-09-09 09:07:15.178 UTC, 2024-09-09 09:07:15.482 UTC, 2024-09-09 09:07:15.851 UTC, 9
48, 2024-09-09 09:07:15.854 UTC, 0, 37269868544, 270311424, 12582912, 2097152, 0, 0 0 0 0, 0 0 0 0, 0 0 0 0, 0 0 0 0, 2024-09-09 09:07:15.930 UTC, 2024-09-09 09:07:16.265 UTC, 2024-09-09 09:07:16.538 UTC, 9
49, 2024-09-09 09:07:16.538 UTC, 1, 37269868544, 270581760, 12582912, 2097152, 0, -0.838959 -0.146608 -0.524074 -0.359345, 0.528997 0.0062976 -0.8486 0.0588751, 0.127712 -0.989175 0.0722714 0.373545, 0 0 0 1, 2024-09-09 09:07:16.562 UTC, 2024-09-09 09:07:16.873 UTC, 2024-09-09 09:07:17.178 UTC, 10
50, 2024-09-09 09:07:17.178 UTC, 1, 37269868544, 270581760, 12582912, 2097152, 0, -0.911876 -0.123713 -0.39138 -0.519753, 0.395851 -0.0128651 -0.918225 -0.189966, 0.108561 -0.992235 0.0607031 0.550644, 0 0 0 1, 2024-09-09 09:07:17.202 UTC, 2024-09-09 09:07:17.548 UTC, 2024-09-09 09:07:17.904 UTC, 11
51, 2024-09-09 09:07:17.904 UTC, 0, 37269868544, 270581760, 12582912, 2097152, 0, 0 0 0 0, 0 0 0 0, 0 0 0 0, 0 0 0 0, 2024-09-09 09:07:17.927 UTC, 2024-09-09 09:07:18.210 UTC, 2024-09-09 09:07:18.529 UTC, 11
52, 2024-09-09 09:07:18.529 UTC, 0, 37269868544, 270581760, 12582912, 2097152, 0, 0 0 0 0, 0 0 0 0, 0 0 0 0, 0 0 0 0, 2024-09-09 09:07:18.548 UTC, 2024-09-09 09:07:18.859 UTC, 2024-09-09 09:07:19.124 UTC, 11
53, 2024-09-09 09:07:19.124 UTC, 0, 37269868544, 270581760, 12582912, 2097152, 0, 0 0 0 0, 0 0 0 0, 0 0 0 0, 0 0 0 0, 2024-09-09 09:07:19.146 UTC, 2024-09-09 09:07:19.498 UTC, 2024-09-09 09:07:19.810 UTC, 11
54, 2024-09-09 09:07:19.810 UTC, 0, 37269868544, 270581760, 12582912, 2097152, 0, 0 0 0 0, 0 0 0 0, 0 0 0 0, 0 0 0 0, 2024-09-09 09:07:19.828 UTC, 2024-09-09 09:07:20.138 UTC, 2024-09-09 09:07:20.396 UTC, 11
55, 2024-09-09 09:07:20.396 UTC, 1, 37269868544, 270581760, 12582912, 2097152, 0, -0.842552 -0.196171 -0.501621 -1.18298, 0.536812 -0.229693 -0.811834 -0.45221, 0.0440392 -0.953288 0.298836 1.03902, 0 0 0 1, 2024-09-09 09:07:20.422 UTC, 2024-09-09 09:07:20.718 UTC, 2024-09-09 09:07:21.078 UTC, 12
56, 2024-09-09 09:07:21.078 UTC, 1, 37269868544, 271122432, 12582912, 2097152, 0, 0.281748 -0.48717 -0.82661 1.59345, -0.751254 0.4239 -0.505891 -1.35815, 0.596855 0.763528 -0.246555 0.879715, 0 0 0 1, 2024-09-09 09:07:21.100 UTC, 2024-09-09 09:07:21.396 UTC, 2024-09-09 09:07:21.623 UTC, 13
57, 2024-09-09 09:07:21.623 UTC, 0, 37269868544, 271663104, 12582912, 2097152, 0, 0 0 0 0, 0 0 0 0, 0 0 0 0, 0 0 0 0, 2024-09-09 09:07:21.647 UTC, 2024-09-09 09:07:21.780 UTC, 2024-09-09 09:07:21.901 UTC, 13
58, 2024-09-09 09:07:21.902 UTC, 0, 37269868544, 272474112, 12582912, 2097152, 0, 0 0 0 0, 0 0 0 0, 0 0 0 0, 0 0 0 0, 2024-09-09 09:07:21.920 UTC, 2024-09-09 09:07:22.024 UTC, 2024-09-09 09:07:22.109 UTC, 13
59, 2024-09-09 09:07:22.109 UTC, 0, 37269868544, 272474112, 12582912, 2097152, 0, 0 0 0 0, 0 0 0 0, 0 0 0 0, 0 0 0 0, 2024-09-09 09:07:22.124 UTC, 2024-09-09 09:07:22.218 UTC, 2024-09-09 09:07:22.322 UTC, 13
60, 2024-09-09 09:07:22.322 UTC, 0, 37269868544, 272744448, 12582912, 2097152, 0, 0 0 0 0, 0 0 0 0, 0 0 0 0, 0 0 0 0, 2024-09-09 09:07:22.337 UTC, 2024-09-09 09:07:22.466 UTC, 2024-09-09 09:07:22.571 UTC, 13
61, 2024-09-09 09:07:22.571 UTC, 0, 37269868544, 273555456, 12582912, 2097152, 0, 0 0 0 0, 0 0 0 0, 0 0 0 0, 0 0 0 0, 2024-09-09 09:07:22.585 UTC, 2024-09-09 09:07:22.674 UTC, 2024-09-09 09:07:22.743 UTC, 13
62, 2024-09-09 09:07:22.744 UTC, 0, 37269868544, 273825792, 12582912, 2097152, 0, 0 0 0 0, 0 0 0 0, 0 0 0 0, 0 0 0 0, 2024-09-09 09:07:22.761 UTC, 2024-09-09 09:07:22.856 UTC, 2024-09-09 09:07:22.963 UTC, 13
63, 2024-09-09 09:07:22.963 UTC, 0, 37269868544, 274096128, 12582912, 2097152, 0, 0 0 0 0, 0 0 0 0, 0 0 0 0, 0 0 0 0, 2024-09-09 09:07:22.984 UTC, 2024-09-09 09:07:23.085 UTC, 2024-09-09 09:07:23.217 UTC, 13
64, 2024-09-09 09:07:23.217 UTC, 0, 37269868544, 275177472, 12582912, 2097152, 0, 0 0 0 0, 0 0 0 0, 0 0 0 0, 0 0 0 0, 2024-09-09 09:07:23.247 UTC, 2024-09-09 09:07:23.394 UTC, 2024-09-09 09:07:23.531 UTC, 13
65, 2024-09-09 09:07:23.532 UTC, 0, 37269868544, 275988480, 12582912, 2097152, 0, 0 0 0 0, 0 0 0 0, 0 0 0 0, 0 0 0 0, 2024-09-09 09:07:23.555 UTC, 2024-09-09 09:07:23.710 UTC, 2024-09-09 09:07:23.893 UTC, 13
66, 2024-09-09 09:07:23.893 UTC, 0, 37269868544, 276799488, 12582912, 2097152, 0, 0 0 0 0, 0 0 0 0, 0 0 0 0, 0 0 0 0, 2024-09-09 09:07:23.921 UTC, 2024-09-09 09:07:24.126 UTC, 2024-09-09 09:07:24.342 UTC, 13
67, 2024-09-09 09:07:24.342 UTC, 1, 37269868544, 276799488, 12582912, 2097152, 0, 0.983775 -0.146531 -0.10351 -1.47502, 0.109728 0.034989 0.993346 0.365509, -0.141934 -0.988587 0.0504998 0.925704, 0 0 0 1, 2024-09-09 09:07:24.364 UTC, 2024-09-09 09:07:24.653 UTC, 2024-09-09 09:07:24.973 UTC, 14
68, 2024-09-09 09:07:24.973 UTC, 0, 37269868544, 276799488, 12582912, 2097152, 0, 0 0 0 0, 0 0 0 0, 0 0 0 0, 0 0 0 0, 2024-09-09 09:07:24.997 UTC, 2024-09-09 09:07:25.326 UTC, 2024-09-09 09:07:25.612 UTC, 14
69, 2024-09-09 09:07:25.613 UTC, 0, 37269868544, 276799488, 12582912, 2097152, 0, 0 0 0 0, 0 0 0 0, 0 0 0 0, 0 0 0 0, 2024-09-09 09:07:25.635 UTC, 2024-09-09 09:07:25.941 UTC, 2024-09-09 09:07:26.547 UTC, 14
70, 2024-09-09 09:07:26.548 UTC, 0, 37269868544, 276799488, 12582912, 2097152, 0, 0 0 0 0, 0 0 0 0, 0 0 0 0, 0 0 0 0, 2024-09-09 09:07:26.599 UTC, 2024-09-09 09:07:27.332 UTC, 2024-09-09 09:07:27.623 UTC, 14
71, 2024-09-09 09:07:27.623 UTC, 0, 37269868544, 276799488, 12582912, 2097152, 0, 0 0 0 0, 0 0 0 0, 0 0 0 0, 0 0 0 0, 2024-09-09 09:07:27.655 UTC, 2024-09-09 09:07:27.921 UTC, 2024-09-09 09:07:28.184 UTC, 14
72, 2024-09-09 09:07:28.184 UTC, 0, 37269868544, 276799488, 12582912, 2097152, 0, 0 0 0 0, 0 0 0 0, 0 0 0 0, 0 0 0 0, 2024-09-09 09:07:28.209 UTC, 2024-09-09 09:07:28.470 UTC, 2024-09-09 09:07:28.726 UTC, 14
73, 2024-09-09 09:07:28.726 UTC, 0, 37269868544, 276799488, 12582912, 2097152, 0, 0 0 0 0, 0 0 0 0, 0 0 0 0, 0 0 0 0, 2024-09-09 09:07:28.743 UTC, 2024-09-09 09:07:29.009 UTC, 2024-09-09 09:07:29.190 UTC, 14
74, 2024-09-09 09:07:29.190 UTC, 0, 37269868544, 276799488, 12582912, 2097152, 0, 0 0 0 0, 0 0 0 0, 0 0 0 0, 0 0 0 0, 2024-09-09 09:07:29.215 UTC, 2024-09-09 09:07:29.530 UTC, 2024-09-09 09:07:29.794 UTC, 14
75, 2024-09-09 09:07:29.794 UTC, 0, 37269868544, 276799488, 12582912, 2097152, 0, 0 0 0 0, 0 0 0 0, 0 0 0 0, 0 0 0 0, 2024-09-09 09:07:29.820 UTC, 2024-09-09 09:07:30.127 UTC, 2024-09-09 09:07:30.306 UTC, 14
76, 2024-09-09 09:07:30.307 UTC, 0, 37269868544, 276799488, 12582912, 2097152, 0, 0 0 0 0, 0 0 0 0, 0 0 0 0, 0 0 0 0, 2024-09-09 09:07:30.328 UTC, 2024-09-09 09:07:30.598 UTC, 2024-09-09 09:07:30.849 UTC, 14
77, 2024-09-09 09:07:30.849 UTC, 0, 37269868544, 276799488, 12582912, 2097152, 0, 0 0 0 0, 0 0 0 0, 0 0 0 0, 0 0 0 0, 2024-09-09 09:07:30.885 UTC, 2024-09-09 09:07:31.153 UTC, 2024-09-09 09:07:31.385 UTC, 14
78, 2024-09-09 09:07:31.385 UTC, 0, 37269868544, 276799488, 12582912, 2097152, 0, 0 0 0 0, 0 0 0 0, 0 0 0 0, 0 0 0 0, 2024-09-09 09:07:31.405 UTC, 2024-09-09 09:07:31.672 UTC, 2024-09-09 09:07:31.879 UTC, 14
79, 2024-09-09 09:07:31.879 UTC, 0, 37269868544, 276799488, 12582912, 2097152, 0, 0 0 0 0, 0 0 0 0, 0 0 0 0, 0 0 0 0, 2024-09-09 09:07:31.901 UTC, 2024-09-09 09:07:32.222 UTC, 2024-09-09 09:07:32.518 UTC, 14
80, 2024-09-09 09:07:32.518 UTC, 0, 37269868544, 276799488, 12582912, 2097152, 0, 0 0 0 0, 0 0 0 0, 0 0 0 0, 0 0 0 0, 2024-09-09 09:07:32.557 UTC, 2024-09-09 09:07:32.988 UTC, 2024-09-09 09:07:33.362 UTC, 14
81, 2024-09-09 09:07:33.362 UTC, 0, 37269868544, 276799488, 12582912, 2097152, 0, 0 0 0 0, 0 0 0 0, 0 0 0 0, 0 0 0 0, 2024-09-09 09:07:33.387 UTC, 2024-09-09 09:07:33.745 UTC, 2024-09-09 09:07:34.114 UTC, 14
82, 2024-09-09 09:07:34.114 UTC, 0, 37269868544, 276799488, 12582912, 2097152, 0, 0 0 0 0, 0 0 0 0, 0 0 0 0, 0 0 0 0, 2024-09-09 09:07:34.133 UTC, 2024-09-09 09:07:34.523 UTC, 2024-09-09 09:07:34.892 UTC, 14
83, 2024-09-09 09:07:34.893 UTC, 1, 37269868544, 276799488, 12582912, 2097152, 0, -0.973522 -0.0130593 -0.22822 -0.598729, 0.227972 -0.129062 -0.965076 1.90448, -0.0168516 -0.991551 0.128622 0.167143, 0 0 0 1, 2024-09-09 09:07:34.920 UTC, 2024-09-09 09:07:35.363 UTC, 2024-09-09 09:07:35.781 UTC, 15
84, 2024-09-09 09:07:35.782 UTC, 1, 37269868544, 276799488, 12582912, 2097152, 0, -0.824111 0.128025 -0.55177 -1.36686, 0.557121 0.00734573 -0.830399 1.92516, -0.102259 -0.991744 -0.0773791 0.405287, 0 0 0 1, 2024-09-09 09:07:35.812 UTC, 2024-09-09 09:07:36.167 UTC, 2024-09-09 09:07:36.504 UTC, 16
85, 2024-09-09 09:07:36.504 UTC, 0, 37269868544, 276799488, 12582912, 2097152, 0, 0 0 0 0, 0 0 0 0, 0 0 0 0, 0 0 0 0, 2024-09-09 09:07:36.528 UTC, 2024-09-09 09:07:36.721 UTC, 2024-09-09 09:07:36.956 UTC, 16
86, 2024-09-09 09:07:36.956 UTC, 0, 37269868544, 276799488, 12582912, 2097152, 0, 0 0 0 0, 0 0 0 0, 0 0 0 0, 0 0 0 0, 2024-09-09 09:07:36.979 UTC, 2024-09-09 09:07:37.119 UTC, 2024-09-09 09:07:37.238 UTC, 16
87, 2024-09-09 09:07:37.238 UTC, 0, 37269868544, 276799488, 12582912, 2097152, 0, 0 0 0 0, 0 0 0 0, 0 0 0 0, 0 0 0 0, 2024-09-09 09:07:37.255 UTC, 2024-09-09 09:07:37.441 UTC, 2024-09-09 09:07:37.533 UTC, 16
88, 2024-09-09 09:07:37.533 UTC, 0, 37269868544, 276799488, 12582912, 2097152, 0, 0 0 0 0, 0 0 0 0, 0 0 0 0, 0 0 0 0, 2024-09-09 09:07:37.551 UTC, 2024-09-09 09:07:37.677 UTC, 2024-09-09 09:07:37.762 UTC, 16
89, 2024-09-09 09:07:37.762 UTC, 0, 37269868544, 276799488, 12582912, 2097152, 0, 0 0 0 0, 0 0 0 0, 0 0 0 0, 0 0 0 0, 2024-09-09 09:07:37.782 UTC, 2024-09-09 09:07:37.964 UTC, 2024-09-09 09:07:38.081 UTC, 16
90, 2024-09-09 09:07:38.081 UTC, 0, 37269868544, 276799488, 12582912, 2097152, 0, 0 0 0 0, 0 0 0 0, 0 0 0 0, 0 0 0 0, 2024-09-09 09:07:38.106 UTC, 2024-09-09 09:07:38.291 UTC, 2024-09-09 09:07:38.446 UTC, 16
91, 2024-09-09 09:07:38.446 UTC, 0, 37269868544, 277610496, 12582912, 2097152, 0, 0 0 0 0, 0 0 0 0, 0 0 0 0, 0 0 0 0, 2024-09-09 09:07:38.464 UTC, 2024-09-09 09:07:38.629 UTC, 2024-09-09 09:07:38.780 UTC, 16
92, 2024-09-09 09:07:38.780 UTC, 0, 37269868544, 277610496, 12582912, 2097152, 0, 0 0 0 0, 0 0 0 0, 0 0 0 0, 0 0 0 0, 2024-09-09 09:07:38.813 UTC, 2024-09-09 09:07:38.993 UTC, 2024-09-09 09:07:39.159 UTC, 16
93, 2024-09-09 09:07:39.159 UTC, 0, 37269868544, 277610496, 12582912, 2097152, 0, 0 0 0 0, 0 0 0 0, 0 0 0 0, 0 0 0 0, 2024-09-09 09:07:39.182 UTC, 2024-09-09 09:07:39.327 UTC, 2024-09-09 09:07:39.477 UTC, 16
94, 2024-09-09 09:07:39.477 UTC, 0, 37269868544, 279773184, 12582912, 2097152, 0, 0 0 0 0, 0 0 0 0, 0 0 0 0, 0 0 0 0, 2024-09-09 09:07:39.495 UTC, 2024-09-09 09:07:39.641 UTC, 2024-09-09 09:07:39.776 UTC, 16
95, 2024-09-09 09:07:39.776 UTC, 0, 37269868544, 280043520, 12582912, 2097152, 0, 0 0 0 0, 0 0 0 0, 0 0 0 0, 0 0 0 0, 2024-09-09 09:07:39.792 UTC, 2024-09-09 09:07:39.914 UTC, 2024-09-09 09:07:40.056 UTC, 16
96, 2024-09-09 09:07:40.056 UTC, 0, 37269868544, 281395200, 12582912, 2097152, 0, 0 0 0 0, 0 0 0 0, 0 0 0 0, 0 0 0 0, 2024-09-09 09:07:40.082 UTC, 2024-09-09 09:07:40.194 UTC, 2024-09-09 09:07:40.362 UTC, 16
97, 2024-09-09 09:07:40.362 UTC, 0, 37269868544, 281665536, 12582912, 2097152, 0, 0 0 0 0, 0 0 0 0, 0 0 0 0, 0 0 0 0, 2024-09-09 09:07:40.382 UTC, 2024-09-09 09:07:40.528 UTC, 2024-09-09 09:07:40.761 UTC, 16
98, 2024-09-09 09:07:40.762 UTC, 0, 37269868544, 281665536, 12582912, 2097152, 0, 0 0 0 0, 0 0 0 0, 0 0 0 0, 0 0 0 0, 2024-09-09 09:07:40.779 UTC, 2024-09-09 09:07:40.935 UTC, 2024-09-09 09:07:41.223 UTC, 16
99, 2024-09-09 09:07:41.223 UTC, 0, 37269868544, 281665536, 12582912, 2097152, 0, 0 0 0 0, 0 0 0 0, 0 0 0 0, 0 0 0 0, 2024-09-09 09:07:41.247 UTC, 2024-09-09 09:07:41.491 UTC, 2024-09-09 09:07:41.847 UTC, 16
100, 2024-09-09 09:07:41.847 UTC, 0, 37269868544, 281665536, 12582912, 2097152, 0, 0 0 0 0, 0 0 0 0, 0 0 0 0, 0 0 0 0, 2024-09-09 09:07:41.871 UTC, 2024-09-09 09:07:42.234 UTC, 2024-09-09 09:07:42.587 UTC, 16
101, 2024-09-09 09:07:42.587 UTC, 0, 37269868544, 281665536, 12582912, 2097152, 0, 0 0 0 0, 0 0 0 0, 0 0 0 0, 0 0 0 0, 2024-09-09 09:07:42.625 UTC, 2024-09-09 09:07:43.035 UTC, 2024-09-09 09:07:43.381 UTC, 16
102, 2024-09-09 09:07:43.381 UTC, 0, 37269868544, 281665536, 12582912, 2097152, 0, 0 0 0 0, 0 0 0 0, 0 0 0 0, 0 0 0 0, 2024-09-09 09:07:43.419 UTC, 2024-09-09 09:07:43.763 UTC, 2024-09-09 09:07:44.091 UTC, 16
103, 2024-09-09 09:07:44.091 UTC, 0, 37269868544, 281665536, 12582912, 2097152, 0, 0 0 0 0, 0 0 0 0, 0 0 0 0, 0 0 0 0, 2024-09-09 09:07:44.137 UTC, 2024-09-09 09:07:44.532 UTC, 2024-09-09 09:07:44.899 UTC, 16
104, 2024-09-09 09:07:44.899 UTC, 0, 37269868544, 281665536, 12582912, 2097152, 0, 0 0 0 0, 0 0 0 0, 0 0 0 0, 0 0 0 0, 2024-09-09 09:07:44.924 UTC, 2024-09-09 09:07:45.334 UTC, 2024-09-09 09:07:45.668 UTC, 16
105, 2024-09-09 09:07:45.668 UTC, 0, 37269868544, 281665536, 12582912, 2097152, 0, 0 0 0 0, 0 0 0 0, 0 0 0 0, 0 0 0 0, 2024-09-09 09:07:45.698 UTC, 2024-09-09 09:07:46.114 UTC, 2024-09-09 09:07:46.499 UTC, 16
106, 2024-09-09 09:07:46.499 UTC, 0, 37269868544, 281665536, 12582912, 2097152, 0, 0 0 0 0, 0 0 0 0, 0 0 0 0, 0 0 0 0, 2024-09-09 09:07:46.521 UTC, 2024-09-09 09:07:46.960 UTC, 2024-09-09 09:07:47.338 UTC, 16
107, 2024-09-09 09:07:47.339 UTC, 0, 37269868544, 281665536, 12582912, 2097152, 0, 0 0 0 0, 0 0 0 0, 0 0 0 0, 0 0 0 0, 2024-09-09 09:07:47.362 UTC, 2024-09-09 09:07:47.813 UTC, 2024-09-09 09:07:48.107 UTC, 16
108, 2024-09-09 09:07:48.107 UTC, 0, 37269868544, 281665536, 12582912, 2097152, 0, 0 0 0 0, 0 0 0 0, 0 0 0 0, 0 0 0 0, 2024-09-09 09:07:48.129 UTC, 2024-09-09 09:07:48.480 UTC, 2024-09-09 09:07:48.748 UTC, 16
109, 2024-09-09 09:07:48.749 UTC, 0, 37269868544, 281665536, 12582912, 2097152, 0, 0 0 0 0, 0 0 0 0, 0 0 0 0, 0 0 0 0, 2024-09-09 09:07:48.775 UTC, 2024-09-09 09:07:49.095 UTC, 2024-09-09 09:07:49.319 UTC, 16
110, 2024-09-09 09:07:49.319 UTC, 0, 37269868544, 281665536, 12582912, 2097152, 0, 0 0 0 0, 0 0 0 0, 0 0 0 0, 0 0 0 0, 2024-09-09 09:07:49.345 UTC, 2024-09-09 09:07:49.718 UTC, 2024-09-09 09:07:50.028 UTC, 16
111, 2024-09-09 09:07:50.028 UTC, 1, 37269868544, 281665536, 12582912, 2097152, 0, 0.926962 -0.0189051 -0.374678 -0.369615, 0.372167 -0.0794439 0.924759 1.22165, -0.0472486 -0.99666 -0.0666057 0.668971, 0 0 0 1, 2024-09-09 09:07:50.060 UTC, 2024-09-09 09:07:50.403 UTC, 2024-09-09 09:07:50.709 UTC, 17
112, 2024-09-09 09:07:50.709 UTC, 1, 37269868544, 281665536, 12582912, 2097152, 0, 0.912495 -0.0380818 -0.407312 -0.600271, 0.400532 -0.119404 0.908469 1.02434, -0.0832306 -0.992115 -0.0937023 0.862189, 0 0 0 1, 2024-09-09 09:07:50.736 UTC, 2024-09-09 09:07:51.056 UTC, 2024-09-09 09:07:51.332 UTC, 18
113, 2024-09-09 09:07:51.333 UTC, 0, 37269868544, 281665536, 12582912, 2097152, 0, 0 0 0 0, 0 0 0 0, 0 0 0 0, 0 0 0 0, 2024-09-09 09:07:51.373 UTC, 2024-09-09 09:07:51.719 UTC, 2024-09-09 09:07:52.091 UTC, 18
114, 2024-09-09 09:07:52.091 UTC, 0, 37269868544, 281665536, 12582912, 2097152, 0, 0 0 0 0, 0 0 0 0, 0 0 0 0, 0 0 0 0, 2024-09-09 09:07:52.117 UTC, 2024-09-09 09:07:52.420 UTC, 2024-09-09 09:07:52.724 UTC, 18
115, 2024-09-09 09:07:52.724 UTC, 0, 37269868544, 281665536, 12582912, 2097152, 0, 0 0 0 0, 0 0 0 0, 0 0 0 0, 0 0 0 0, 2024-09-09 09:07:52.745 UTC, 2024-09-09 09:07:53.071 UTC, 2024-09-09 09:07:53.395 UTC, 18
116, 2024-09-09 09:07:53.396 UTC, 0, 37269868544, 281665536, 12582912, 2097152, 0, 0 0 0 0, 0 0 0 0, 0 0 0 0, 0 0 0 0, 2024-09-09 09:07:53.422 UTC, 2024-09-09 09:07:53.749 UTC, 2024-09-09 09:07:54.084 UTC, 18
117, 2024-09-09 09:07:54.084 UTC, 0, 37269868544, 281665536, 12582912, 2097152, 0, 0 0 0 0, 0 0 0 0, 0 0 0 0, 0 0 0 0, 2024-09-09 09:07:54.127 UTC, 2024-09-09 09:07:54.467 UTC, 2024-09-09 09:07:54.722 UTC, 18
118, 2024-09-09 09:07:54.723 UTC, 0, 37269868544, 281665536, 12582912, 2097152, 0, 0 0 0 0, 0 0 0 0, 0 0 0 0, 0 0 0 0, 2024-09-09 09:07:54.759 UTC, 2024-09-09 09:07:55.052 UTC, 2024-09-09 09:07:55.312 UTC, 18
119, 2024-09-09 09:07:55.312 UTC, 0, 37269868544, 281665536, 12582912, 2097152, 0, 0 0 0 0, 0 0 0 0, 0 0 0 0, 0 0 0 0, 2024-09-09 09:07:55.335 UTC, 2024-09-09 09:07:55.657 UTC, 2024-09-09 09:07:55.939 UTC, 18
120, 2024-09-09 09:07:55.939 UTC, 1, 37269868544, 281665536, 12582912, 2097152, 0, 0.988869 -0.123633 -0.0827764 0.261509, 0.0716756 -0.0916915 0.993204 1.40515, -0.130383 -0.988083 -0.0818094 0.591731, 0 0 0 1, 2024-09-09 09:07:55.966 UTC, 2024-09-09 09:07:56.286 UTC, 2024-09-09 09:07:56.547 UTC, 19
121, 2024-09-09 09:07:56.547 UTC, 1, 37269868544, 281931776, 12582912, 2097152, 0, 0.784985 -0.0651086 -0.616083 0.237334, 0.616353 -0.0182535 0.787258 1.39313, -0.062503 -0.997711 0.0258012 0.365783, 0 0 0 1, 2024-09-09 09:07:56.565 UTC, 2024-09-09 09:07:56.892 UTC, 2024-09-09 09:07:57.142 UTC, 20
122, 2024-09-09 09:07:57.142 UTC, 1, 37269868544, 281931776, 12582912, 2097152, 0, 0.75859 -0.0350625 -0.650624 0.341924, 0.650563 -0.0146813 0.75931 1.3168, -0.0361754 -0.999277 0.0116733 0.499916, 0 0 0 1, 2024-09-09 09:07:57.172 UTC, 2024-09-09 09:07:57.468 UTC, 2024-09-09 09:07:57.756 UTC, 21
123, 2024-09-09 09:07:57.756 UTC, 1, 37269868544, 281931776, 12582912, 2097152, 0, 0.911494 -0.0860141 -0.402218 0.501427, 0.396192 -0.0790993 0.914754 1.03168, -0.110497 -0.993149 -0.0380205 0.499404, 0 0 0 1, 2024-09-09 09:07:57.777 UTC, 2024-09-09 09:07:58.116 UTC, 2024-09-09 09:07:58.495 UTC, 22
124, 2024-09-09 09:07:58.495 UTC, 1, 37269868544, 281931776, 12582912, 2097152, 0, 0.891701 -0.0689834 -0.447337 0.647233, 0.442541 -0.0745853 0.893641 0.863527, -0.0950112 -0.994826 -0.0359799 0.268589, 0 0 0 1, 2024-09-09 09:07:58.522 UTC, 2024-09-09 09:07:58.869 UTC, 2024-09-09 09:07:59.171 UTC, 23
125, 2024-09-09 09:07:59.171 UTC, 1, 37269868544, 281931776, 12582912, 2097152, 0, 0.904436 -0.0760906 -0.41977 0.577536, 0.416472 -0.0557578 0.907437 0.545818, -0.0924528 -0.995541 -0.0187398 0.393426, 0 0 0 1, 2024-09-09 09:07:59.210 UTC, 2024-09-09 09:07:59.531 UTC, 2024-09-09 09:07:59.814 UTC, 24
126, 2024-09-09 09:07:59.815 UTC, 1, 37269868544, 281931776, 12582912, 2097152, 0, 0.870879 -0.107142 -0.479678 0.755915, 0.468152 -0.116389 0.87595 0.295328, -0.149681 -0.987408 -0.0512019 0.503954, 0 0 0 1, 2024-09-09 09:07:59.852 UTC, 2024-09-09 09:08:00.227 UTC, 2024-09-09 09:08:00.521 UTC, 25
127, 2024-09-09 09:08:00.521 UTC, 1, 37269868544, 281931776, 12582912, 2097152, 0, 0.773321 0.03784 -0.632884 0.886432, 0.631831 -0.128767 0.764335 0.0358545, -0.0525718 -0.990953 -0.123486 0.58083, 0 0 0 1, 2024-09-09 09:08:00.554 UTC, 2024-09-09 09:08:00.910 UTC, 2024-09-09 09:08:01.200 UTC, 26
128, 2024-09-09 09:08:01.201 UTC, 0, 37269868544, 281931776, 12582912, 2097152, 0, 0 0 0 0, 0 0 0 0, 0 0 0 0, 0 0 0 0, 2024-09-09 09:08:01.241 UTC, 2024-09-09 09:08:01.463 UTC, 2024-09-09 09:08:01.644 UTC, 26
129, 2024-09-09 09:08:01.645 UTC, 0, 37269868544, 281931776, 12582912, 2097152, 0, 0 0 0 0, 0 0 0 0, 0 0 0 0, 0 0 0 0, 2024-09-09 09:08:01.689 UTC, 2024-09-09 09:08:01.883 UTC, 2024-09-09 09:08:02.061 UTC, 26
130, 2024-09-09 09:08:02.061 UTC, 1, 37269868544, 281931776, 12582912, 2097152, 0, 1 0 0 0.964777, 0 1 0 0.450885, 0 0 1 -4.27119, 0 0 0 1, 2024-09-09 09:08:02.088 UTC, 2024-09-09 09:08:02.237 UTC, 2024-09-09 09:08:02.355 UTC, 27
131, 2024-09-09 09:08:02.355 UTC, 0, 37269868544, 282742784, 12582912, 2097152, 0, 0 0 0 0, 0 0 0 0, 0 0 0 0, 0 0 0 0, 2024-09-09 09:08:02.374 UTC, 2024-09-09 09:08:02.501 UTC, 2024-09-09 09:08:02.610 UTC, 27
132, 2024-09-09 09:08:02.610 UTC, 0, 37269868544, 282742784, 12582912, 2097152, 0, 0 0 0 0, 0 0 0 0, 0 0 0 0, 0 0 0 0, 2024-09-09 09:08:02.634 UTC, 2024-09-09 09:08:02.801 UTC, 2024-09-09 09:08:03.007 UTC, 27
133, 2024-09-09 09:08:03.007 UTC, 0, 37269868544, 282742784, 12582912, 2097152, 0, 0 0 0 0, 0 0 0 0, 0 0 0 0, 0 0 0 0, 2024-09-09 09:08:03.025 UTC, 2024-09-09 09:08:03.200 UTC, 2024-09-09 09:08:03.394 UTC, 27
134, 2024-09-09 09:08:03.394 UTC, 0, 37269868544, 282742784, 12582912, 2097152, 0, 0 0 0 0, 0 0 0 0, 0 0 0 0, 0 0 0 0, 2024-09-09 09:08:03.416 UTC, 2024-09-09 09:08:03.553 UTC, 2024-09-09 09:08:03.706 UTC, 27
135, 2024-09-09 09:08:03.706 UTC, 0, 37269868544, 282742784, 12582912, 2097152, 0, 0 0 0 0, 0 0 0 0, 0 0 0 0, 0 0 0 0, 2024-09-09 09:08:03.739 UTC, 2024-09-09 09:08:03.965 UTC, 2024-09-09 09:08:04.202 UTC, 27
136, 2024-09-09 09:08:04.202 UTC, 0, 37269868544, 282742784, 12582912, 2097152, 0, 0 0 0 0, 0 0 0 0, 0 0 0 0, 0 0 0 0, 2024-09-09 09:08:04.230 UTC, 2024-09-09 09:08:04.646 UTC, 2024-09-09 09:08:05.072 UTC, 27
137, 2024-09-09 09:08:05.073 UTC, 0, 37269868544, 282742784, 12582912, 2097152, 0, 0 0 0 0, 0 0 0 0, 0 0 0 0, 0 0 0 0, 2024-09-09 09:08:05.100 UTC, 2024-09-09 09:08:05.466 UTC, 2024-09-09 09:08:05.797 UTC, 27
138, 2024-09-09 09:08:05.797 UTC, 0, 37269868544, 282742784, 12582912, 2097152, 0, 0 0 0 0, 0 0 0 0, 0 0 0 0, 0 0 0 0, 2024-09-09 09:08:05.816 UTC, 2024-09-09 09:08:06.013 UTC, 2024-09-09 09:08:06.192 UTC, 27
139, 2024-09-09 09:08:06.192 UTC, 0, 37269868544, 282742784, 12582912, 2097152, 0, 0 0 0 0, 0 0 0 0, 0 0 0 0, 0 0 0 0, 2024-09-09 09:08:06.211 UTC, 2024-09-09 09:08:06.395 UTC, 2024-09-09 09:08:06.577 UTC, 27
140, 2024-09-09 09:08:06.578 UTC, 0, 37269868544, 282742784, 12582912, 2097152, 0, 0 0 0 0, 0 0 0 0, 0 0 0 0, 0 0 0 0, 2024-09-09 09:08:06.607 UTC, 2024-09-09 09:08:06.779 UTC, 2024-09-09 09:08:06.978 UTC, 27
141, 2024-09-09 09:08:06.978 UTC, 0, 37269868544, 282742784, 12582912, 2097152, 0, 0 0 0 0, 0 0 0 0, 0 0 0 0, 0 0 0 0, 2024-09-09 09:08:07.003 UTC, 2024-09-09 09:08:07.176 UTC, 2024-09-09 09:08:07.331 UTC, 27
142, 2024-09-09 09:08:07.332 UTC, 0, 37269868544, 282742784, 12582912, 2097152, 0, 0 0 0 0, 0 0 0 0, 0 0 0 0, 0 0 0 0, 2024-09-09 09:08:07.358 UTC, 2024-09-09 09:08:07.564 UTC, 2024-09-09 09:08:07.736 UTC, 27
143, 2024-09-09 09:08:07.736 UTC, 0, 37269868544, 282742784, 12582912, 2097152, 0, 0 0 0 0, 0 0 0 0, 0 0 0 0, 0 0 0 0, 2024-09-09 09:08:07.760 UTC, 2024-09-09 09:08:07.924 UTC, 2024-09-09 09:08:08.110 UTC, 27
144, 2024-09-09 09:08:08.110 UTC, 0, 37269868544, 282742784, 12582912, 2097152, 0, 0 0 0 0, 0 0 0 0, 0 0 0 0, 0 0 0 0, 2024-09-09 09:08:08.130 UTC, 2024-09-09 09:08:08.335 UTC, 2024-09-09 09:08:08.523 UTC, 27
145, 2024-09-09 09:08:08.523 UTC, 0, 37269868544, 282742784, 12582912, 2097152, 0, 0 0 0 0, 0 0 0 0, 0 0 0 0, 0 0 0 0, 2024-09-09 09:08:08.565 UTC, 2024-09-09 09:08:08.819 UTC, 2024-09-09 09:08:09.010 UTC, 27
146, 2024-09-09 09:08:09.010 UTC, 1, 37269868544, 282742784, 12582912, 2097152, 0, -0.411491 -0.0181556 -0.911233 0.530567, 0.909326 0.0594408 -0.411815 -2.53609, 0.0616411 -0.998067 -0.00794991 0.612099, 0 0 0 1, 2024-09-09 09:08:09.035 UTC, 2024-09-09 09:08:09.310 UTC, 2024-09-09 09:08:09.576 UTC, 28
147, 2024-09-09 09:08:09.577 UTC, 1, 37269868544, 282742784, 12582912, 2097152, 0, -0.054541 -0.100082 -0.993483 0.328295, 0.998191 -0.0306823 -0.0517085 -2.69313, -0.0253073 -0.994506 0.101575 0.340421, 0 0 0 1, 2024-09-09 09:08:09.605 UTC, 2024-09-09 09:08:09.930 UTC, 2024-09-09 09:08:10.215 UTC, 29
148, 2024-09-09 09:08:10.216 UTC, 0, 37269868544, 282742784, 12582912, 2097152, 0, 0 0 0 0, 0 0 0 0, 0 0 0 0, 0 0 0 0, 2024-09-09 09:08:10.237 UTC, 2024-09-09 09:08:10.441 UTC, 2024-09-09 09:08:10.643 UTC, 29
149, 2024-09-09 09:08:10.643 UTC, 0, 37269868544, 283283456, 12582912, 2097152, 0, 0 0 0 0, 0 0 0 0, 0 0 0 0, 0 0 0 0, 2024-09-09 09:08:10.669 UTC, 2024-09-09 09:08:10.826 UTC, 2024-09-09 09:08:11.030 UTC, 29
150, 2024-09-09 09:08:11.030 UTC, 0, 37269868544, 283283456, 12582912, 2097152, 0, 0 0 0 0, 0 0 0 0, 0 0 0 0, 0 0 0 0, 2024-09-09 09:08:11.053 UTC, 2024-09-09 09:08:11.227 UTC, 2024-09-09 09:08:11.393 UTC, 29
151, 2024-09-09 09:08:11.393 UTC, 0, 37269868544, 283283456, 12582912, 2097152, 0, 0 0 0 0, 0 0 0 0, 0 0 0 0, 0 0 0 0, 2024-09-09 09:08:11.419 UTC, 2024-09-09 09:08:11.657 UTC, 2024-09-09 09:08:11.970 UTC, 29
152, 2024-09-09 09:08:11.970 UTC, 0, 37269868544, 283283456, 14680064, 2097152, 2097152, 0 0 0 0, 0 0 0 0, 0 0 0 0, 0 0 0 0, 2024-09-09 09:08:11.998 UTC, 2024-09-09 09:08:12.384 UTC, 2024-09-09 09:08:12.804 UTC, 29
153, 2024-09-09 09:08:12.804 UTC, 0, 37269868544, 283283456, 12582912, 2097152, 0, 0 0 0 0, 0 0 0 0, 0 0 0 0, 0 0 0 0, 2024-09-09 09:08:12.837 UTC, 2024-09-09 09:08:13.240 UTC, 2024-09-09 09:08:13.617 UTC, 29
154, 2024-09-09 09:08:13.617 UTC, 0, 37269868544, 283283456, 12582912, 2097152, 0, 0 0 0 0, 0 0 0 0, 0 0 0 0, 0 0 0 0, 2024-09-09 09:08:13.636 UTC, 2024-09-09 09:08:14.072 UTC, 2024-09-09 09:08:14.444 UTC, 29
155, 2024-09-09 09:08:14.444 UTC, 0, 37269868544, 283283456, 12582912, 2097152, 0, 0 0 0 0, 0 0 0 0, 0 0 0 0, 0 0 0 0, 2024-09-09 09:08:14.472 UTC, 2024-09-09 09:08:14.874 UTC, 2024-09-09 09:08:15.213 UTC, 29
156, 2024-09-09 09:08:15.213 UTC, 0, 37269868544, 283283456, 12582912, 2097152, 0, 0 0 0 0, 0 0 0 0, 0 0 0 0, 0 0 0 0, 2024-09-09 09:08:15.241 UTC, 2024-09-09 09:08:15.670 UTC, 2024-09-09 09:08:15.987 UTC, 29
157, 2024-09-09 09:08:15.987 UTC, 0, 37269868544, 283283456, 12582912, 2097152, 0, 0 0 0 0, 0 0 0 0, 0 0 0 0, 0 0 0 0, 2024-09-09 09:08:16.015 UTC, 2024-09-09 09:08:16.401 UTC, 2024-09-09 09:08:16.709 UTC, 29
158, 2024-09-09 09:08:16.709 UTC, 0, 37269868544, 283283456, 12582912, 2097152, 0, 0 0 0 0, 0 0 0 0, 0 0 0 0, 0 0 0 0, 2024-09-09 09:08:16.736 UTC, 2024-09-09 09:08:17.144 UTC, 2024-09-09 09:08:17.439 UTC, 29
